key,0
#,String
int32,str
0,""
1,"忠义量谱"
2,"开启<UIForeground>F201F4</UIForeground><UIGlow>F201F5</UIGlow>钢铁信念<UIGlow>01</UIGlow><UIForeground>01</UIForeground>技能后，画面上会出现显示该技能发动状态的量谱。
想要集中仇恨时，建议发动钢铁信念。"
3,"<UIForeground>F201FA</UIForeground><UIGlow>F201FB</UIGlow>职业量谱的说明可以随时在技能菜单中进行查看。<UIGlow>01</UIGlow><UIForeground>01</UIForeground>"
4,"忠义量谱"
5,"学会<UIForeground>F201F4</UIForeground><UIGlow>F201F5</UIGlow>忠义精通<UIGlow>01</UIGlow><UIForeground>01</UIForeground>特性后，画面上会出现专用的<UIForeground>F201F4</UIForeground><UIGlow>F201F5</UIGlow>忠义量谱<UIGlow>01</UIGlow><UIForeground>01</UIForeground>。
该量谱不仅会显示钢铁信念的状态，还会显示骑士的<UIForeground>F201F4</UIForeground><UIGlow>F201F5</UIGlow>忠义<UIGlow>01</UIGlow><UIForeground>01</UIForeground>效果的具体量值。
自动攻击命中时会积累忠义量值，消耗忠义量值可以发动<UIForeground>F201F4</UIForeground><UIGlow>F201F5</UIGlow>盾阵<UIGlow>01</UIGlow><UIForeground>01</UIForeground>、45级学会的<UIForeground>F201F4</UIForeground><UIGlow>F201F5</UIGlow>保护<UIGlow>01</UIGlow><UIForeground>01</UIForeground>和62级学会的<UIForeground>F201F4</UIForeground><UIGlow>F201F5</UIGlow>干预<UIGlow>01</UIGlow><UIForeground>01</UIForeground>技能。"
6,"兽魂量谱"
7,"开启<UIForeground>F201F4</UIForeground><UIGlow>F201F5</UIGlow>守护<UIGlow>01</UIGlow><UIForeground>01</UIForeground>技能后，画面上会出现显示该技能发动状态的量谱。
想要集中仇恨时，建议发动守护。"
8,"兽魂量谱"
9,"学会<UIForeground>F201F4</UIForeground><UIGlow>F201F5</UIGlow>兽魂<UIGlow>01</UIGlow><UIForeground>01</UIForeground>特性后，画面上会出现专用的<UIForeground>F201F4</UIForeground><UIGlow>F201F5</UIGlow>兽魂量谱<UIGlow>01</UIGlow><UIForeground>01</UIForeground>。
该量谱不仅会显示守护的状态，还会显示代表战士心中野性的<UIForeground>F201F4</UIForeground><UIGlow>F201F5</UIGlow>兽魂<UIGlow>01</UIGlow><UIForeground>01</UIForeground>的具体量值。
<UIForeground>F201F4</UIForeground><UIGlow>F201F5</UIGlow>原初之魂<UIGlow>01</UIGlow><UIForeground>01</UIForeground>和45级学会的<UIForeground>F201F4</UIForeground><UIGlow>F201F5</UIGlow>钢铁旋风<UIGlow>01</UIGlow><UIForeground>01</UIForeground>等技能都需要通过消耗积累的兽魂量值才能发动。
兽魂量值可以通过发动特定的技能进行积累。"
10,"暗血量谱"
11,"开启<UIForeground>F201F4</UIForeground><UIGlow>F201F5</UIGlow>深恶痛绝<UIGlow>01</UIGlow><UIForeground>01</UIForeground>技能后，画面上会出现显示该技能发动状态的量谱。
想要集中仇恨时，建议发动深恶痛绝。"
12,"暗黑量谱"
13,"学会<UIForeground>F201F4</UIForeground><UIGlow>F201F5</UIGlow>暗黑波动<UIGlow>01</UIGlow><UIForeground>01</UIForeground>技能后，画面上会出现专用的<UIForeground>F201F4</UIForeground><UIGlow>F201F5</UIGlow>暗黑量谱<UIGlow>01</UIGlow><UIForeground>01</UIForeground>。
暗黑量谱会显示<UIForeground>F201F4</UIForeground><UIGlow>F201F5</UIGlow>暗黑<UIGlow>01</UIGlow><UIForeground>01</UIForeground>的持续时间。发动<UIForeground>F201F4</UIForeground><UIGlow>F201F5</UIGlow>暗黑波动<UIGlow>01</UIGlow><UIForeground>01</UIForeground>和40级学会的<UIForeground>F201F4</UIForeground><UIGlow>F201F5</UIGlow>暗黑锋<UIGlow>01</UIGlow><UIForeground>01</UIForeground>可以附加暗黑状态。
暗黑状态中自身攻击所造成的伤害提高。"
14,"暗血量谱"
15,"学会<UIForeground>F201F4</UIForeground><UIGlow>F201F5</UIGlow>暗血<UIGlow>01</UIGlow><UIForeground>01</UIForeground>特性后，画面上会出现专用的<UIForeground>F201F4</UIForeground><UIGlow>F201F5</UIGlow>暗血量谱<UIGlow>01</UIGlow><UIForeground>01</UIForeground>。
该量谱会显示暗血的具体量值。<UIForeground>F201F4</UIForeground><UIGlow>F201F5</UIGlow>血溅<UIGlow>01</UIGlow><UIForeground>01</UIForeground>和64级学会的<UIForeground>F201F4</UIForeground><UIGlow>F201F5</UIGlow>寂灭<UIGlow>01</UIGlow><UIForeground>01</UIForeground>等技能都需要通过消耗积累的暗血量值才能发动。
暗血量值可以通过发动特定的技能进行积累。"
16,"暗黑量谱"
17,"学会<UIForeground>F201F4</UIForeground><UIGlow>F201F5</UIGlow>至黑之夜<UIGlow>01</UIGlow><UIForeground>01</UIForeground>技能后，暗黑量谱会显示<UIForeground>F201F4</UIForeground><UIGlow>F201F5</UIGlow>暗技<UIGlow>01</UIGlow><UIForeground>01</UIForeground>状态。
消耗<UIForeground>F201F4</UIForeground><UIGlow>F201F5</UIGlow>至黑之夜<UIGlow>01</UIGlow><UIForeground>01</UIForeground>的防护罩效果可以附加暗技状态。
附加暗技状态后，可以通过只消耗暗技不消耗魔力的方式来发动<UIForeground>F201F4</UIForeground><UIGlow>F201F5</UIGlow>暗黑波动<UIGlow>01</UIGlow><UIForeground>01</UIForeground>和<UIForeground>F201F4</UIForeground><UIGlow>F201F5</UIGlow>暗黑锋<UIGlow>01</UIGlow><UIForeground>01</UIForeground>技能。"
18,"暗黑量谱"
19,"学会<UIForeground>F201F4</UIForeground><UIGlow>F201F5</UIGlow>掠影示现<UIGlow>01</UIGlow><UIForeground>01</UIForeground>技能后，一同战斗的<UIForeground>F201F4</UIForeground><UIGlow>F201F5</UIGlow>英雄的掠影<UIGlow>01</UIGlow><UIForeground>01</UIForeground>会变成实体。暗黑量谱可以显示英雄的掠影实体存在的剩余时间。"
20,"百合花茎量谱"
21,"学会<UIForeground>F201F4</UIForeground><UIGlow>F201F5</UIGlow>神秘百合<UIGlow>01</UIGlow><UIForeground>01</UIForeground>特性后，画面上会出现专用的<UIForeground>F201F4</UIForeground><UIGlow>F201F5</UIGlow>百合花茎量谱<UIGlow>01</UIGlow><UIForeground>01</UIForeground>，
以显示当前<UIForeground>F201F4</UIForeground><UIGlow>F201F5</UIGlow>治疗百合<UIGlow>01</UIGlow><UIForeground>01</UIForeground>开花的数量。
当自身处于战斗状态时，每过一定时间就会开放一朵治疗百合，
消耗百合可以发动<UIForeground>F201F4</UIForeground><UIGlow>F201F5</UIGlow>安慰之心<UIGlow>01</UIGlow><UIForeground>01</UIForeground>和76级学会的<UIForeground>F201F4</UIForeground><UIGlow>F201F5</UIGlow>狂喜之心<UIGlow>01</UIGlow><UIForeground>01</UIForeground>技能。"
22,"百合花茎量谱"
23,"学会<UIForeground>F201F4</UIForeground><UIGlow>F201F5</UIGlow>安慰之心效果提高<UIGlow>01</UIGlow><UIForeground>01</UIForeground>特性后，百合花茎量谱会显示<UIForeground>F201F4</UIForeground><UIGlow>F201F5</UIGlow>血百合<UIGlow>01</UIGlow><UIForeground>01</UIForeground>的状态。发动需要消耗治疗百合的技能，可以使血百合逐渐开放。
当血百合完全开放时，即可发动<UIForeground>F201F4</UIForeground><UIGlow>F201F5</UIGlow>苦难之心<UIGlow>01</UIGlow><UIForeground>01</UIForeground>技能。"
24,"以太超流量谱"
25,"发动<UIForeground>F201F4</UIForeground><UIGlow>F201F5</UIGlow>以太超流<UIGlow>01</UIGlow><UIForeground>01</UIForeground>技能后，画面上会出现专用的<UIForeground>F201F4</UIForeground><UIGlow>F201F5</UIGlow>以太超流量谱<UIGlow>01</UIGlow><UIForeground>01</UIForeground>，以显示当前附加的以太超流量值。"
26,"异想量谱"
27,"学会<UIForeground>F201F4</UIForeground><UIGlow>F201F5</UIGlow>以太契约<UIGlow>01</UIGlow><UIForeground>01</UIForeground>技能后，画面上会出现专用的<UIForeground>F201F4</UIForeground><UIGlow>F201F5</UIGlow>异想量谱<UIGlow>01</UIGlow><UIForeground>01</UIForeground>，以显示当前小仙女的<UIForeground>F201F4</UIForeground><UIGlow>F201F5</UIGlow>异想以太<UIGlow>01</UIGlow><UIForeground>01</UIForeground>量值。在自身处于战斗状态且小仙女处于同行状态时，发动消耗以太超流的<UIForeground>F201F4</UIForeground><UIGlow>F201F5</UIGlow>生命活性法<UIGlow>01</UIGlow><UIForeground>01</UIForeground>和<UIForeground>F201F4</UIForeground><UIGlow>F201F5</UIGlow>深谋远虑之策<UIGlow>01</UIGlow><UIForeground>01</UIForeground>等技能可以增加异想以太量值，积累的异想以太量值可以用来发动<UIForeground>F201F4</UIForeground><UIGlow>F201F5</UIGlow>以太契约<UIGlow>01</UIGlow><UIForeground>01</UIForeground>技能。"
28,"异想量谱"
29,"学会并发动<UIForeground>F201F4</UIForeground><UIGlow>F201F5</UIGlow>炽天召唤<UIGlow>01</UIGlow><UIForeground>01</UIForeground>技能后，可以暂时召唤出<UIForeground>F201F4</UIForeground><UIGlow>F201F5</UIGlow>炽天使<UIGlow>01</UIGlow><UIForeground>01</UIForeground>替代朝日小仙女。
异想量谱会显示炽天使的剩余存在时间。"
30,"奥秘量谱"
31,"发动<UIForeground>F201F4</UIForeground><UIGlow>F201F5</UIGlow>星极抽卡<UIGlow>01</UIGlow><UIForeground>01</UIForeground>、<UIForeground>F201F4</UIForeground><UIGlow>F201F5</UIGlow>灵极抽卡<UIGlow>01</UIGlow><UIForeground>01</UIForeground>技能后，画面上会出现专用的<UIForeground>F201F4</UIForeground><UIGlow>F201F5</UIGlow>奥秘量谱<UIGlow>01</UIGlow><UIForeground>01</UIForeground>，以显示当前抽出的卡片。
同时，<UIForeground>F201F4</UIForeground><UIGlow>F201F5</UIGlow>出卡I<UIGlow>01</UIGlow><UIForeground>01</UIForeground>、<UIForeground>F201F4</UIForeground><UIGlow>F201F5</UIGlow>出卡II<UIGlow>01</UIGlow><UIForeground>01</UIForeground>、<UIForeground>F201F4</UIForeground><UIGlow>F201F5</UIGlow>出卡III<UIGlow>01</UIGlow><UIForeground>01</UIForeground>会变为对应的奥秘卡，发动这些奥秘卡可以获得相应的效果。"
32,"奥秘量谱/星标"
33,"学会<UIForeground>F201F4</UIForeground><UIGlow>F201F5</UIGlow>小奥秘卡<UIGlow>01</UIGlow><UIForeground>01</UIForeground>技能后，奥秘量谱上会显示抽到的<UIForeground>F201F4</UIForeground><UIGlow>F201F5</UIGlow>小奥秘卡<UIGlow>01</UIGlow><UIForeground>01</UIForeground>。
在发动星极抽卡、灵极抽卡技能后，小奥秘卡分别会变为<UIForeground>F201F4</UIForeground><UIGlow>F201F5</UIGlow>王冠之领主<UIGlow>01</UIGlow><UIForeground>01</UIForeground>和<UIForeground>F201F4</UIForeground><UIGlow>F201F5</UIGlow>王冠之贵妇<UIGlow>01</UIGlow><UIForeground>01</UIForeground>。"
34,"斗气量谱"
35,"学会<UIForeground>F201F4</UIForeground><UIGlow>F201F5</UIGlow>铁山斗气<UIGlow>01</UIGlow><UIForeground>01</UIForeground>技能后，画面上会出现显示<UIForeground>F201F4</UIForeground><UIGlow>F201F5</UIGlow>斗气<UIGlow>01</UIGlow><UIForeground>01</UIForeground>积蓄状态的<UIForeground>F201F4</UIForeground><UIGlow>F201F5</UIGlow>斗气量谱<UIGlow>01</UIGlow><UIForeground>01</UIForeground>。
斗气积攒到最大档时，可以发动<UIForeground>F201F4</UIForeground><UIGlow>F201F5</UIGlow>铁山靠<UIGlow>01</UIGlow><UIForeground>01</UIForeground>和40级学会的<UIForeground>F201F4</UIForeground><UIGlow>F201F5</UIGlow>空鸣拳<UIGlow>01</UIGlow><UIForeground>01</UIForeground>技能。"
36,"象形拳量谱"
37,"象形拳量谱上会显示出<UIForeground>F201F4</UIForeground><UIGlow>F201F5</UIGlow>脉轮<UIGlow>01</UIGlow><UIForeground>01</UIForeground>和<UIForeground>F201F4</UIForeground><UIGlow>F201F5</UIGlow>阴阳斗气<UIGlow>01</UIGlow><UIForeground>01</UIForeground>的赋予状况。脉轮共有三种，分别为<UIForeground>F201F4</UIForeground><UIGlow>F201F5</UIGlow>盗龙脉轮<UIGlow>01</UIGlow><UIForeground>01</UIForeground>、<UIForeground>F201F4</UIForeground><UIGlow>F201F5</UIGlow>猛豹脉轮<UIGlow>01</UIGlow><UIForeground>01</UIForeground>以及<UIForeground>F201F4</UIForeground><UIGlow>F201F5</UIGlow>魔猿脉轮<UIGlow>01</UIGlow><UIForeground>01</UIForeground>，发动特定战技可获得对应的脉轮。

根据附加的脉轮组合，可以发动三种不同的技能。
附加三种相同的脉轮后，可以发动<UIForeground>F201F4</UIForeground><UIGlow>F201F5</UIGlow>苍气炮<UIGlow>01</UIGlow><UIForeground>01</UIForeground>技能。
附加三种不同的脉轮后，可以发动<UIForeground>F201F4</UIForeground><UIGlow>F201F5</UIGlow>爆裂脚<UIGlow>01</UIGlow><UIForeground>01</UIForeground>技能。
不分种类附加三种脉轮后，可以发动<UIForeground>F201F4</UIForeground><UIGlow>F201F5</UIGlow>翻天脚<UIGlow>01</UIGlow><UIForeground>01</UIForeground>技能。

此外，发动苍气炮后将会附加<UIForeground>F201F4</UIForeground><UIGlow>F201F5</UIGlow>太阴斗气<UIGlow>01</UIGlow><UIForeground>01</UIForeground>，发动爆裂脚后将会附加<UIForeground>F201F4</UIForeground><UIGlow>F201F5</UIGlow>太阳斗气<UIGlow>01</UIGlow><UIForeground>01</UIForeground>，
在此基础上不分种类再次附加三种脉轮，可以发动<UIForeground>F201F4</UIForeground><UIGlow>F201F5</UIGlow>斗魂旋风脚<UIGlow>01</UIGlow><UIForeground>01</UIForeground>。"
38,"疾风迅雷量谱"
39,"学会<UIForeground>F201F4</UIForeground><UIGlow>F201F5</UIGlow>义结金兰<UIGlow>01</UIGlow><UIForeground>01</UIForeground>技能。
发动义结金兰，为自身与周围队员附加<UIForeground>F201F4</UIForeground><UIGlow>F201F5</UIGlow>义结金兰：斗气<UIGlow>01</UIGlow><UIForeground>01</UIForeground>状态，
<UIForeground>F201F4</UIForeground><UIGlow>F201F5</UIGlow>义结金兰：斗气<UIGlow>01</UIGlow><UIForeground>01</UIForeground>状态中，<UIForeground>F201F4</UIForeground><UIGlow>F201F5</UIGlow>斗气<UIGlow>01</UIGlow><UIForeground>01</UIForeground>最大档数增加至10档。"
40,"龙血量谱"
41,"学会<UIForeground>F201F4</UIForeground><UIGlow>F201F5</UIGlow>武神枪<UIGlow>01</UIGlow><UIForeground>01</UIForeground>技能后，画面上会出现专用的<UIForeground>F201F4</UIForeground><UIGlow>F201F5</UIGlow>龙血量谱<UIGlow>01</UIGlow><UIForeground>01</UIForeground>，以显示<UIForeground>F201F4</UIForeground><UIGlow>F201F5</UIGlow>苍天龙血<UIGlow>01</UIGlow><UIForeground>01</UIForeground>的剩余持续时间。
发动<UIForeground>F201F4</UIForeground><UIGlow>F201F5</UIGlow>武神枪<UIGlow>01</UIGlow><UIForeground>01</UIForeground>会进入<UIForeground>F201F4</UIForeground><UIGlow>F201F5</UIGlow>苍天龙血<UIGlow>01</UIGlow><UIForeground>01</UIForeground>状态，该状态下攻击所造成的伤害提高。"
42,"龙血量谱"
43,"学会<UIForeground>F201F4</UIForeground><UIGlow>F201F5</UIGlow>长枪精通IV<UIGlow>01</UIGlow><UIForeground>01</UIForeground>特性后，在每次发动<UIForeground>F201F4</UIForeground><UIGlow>F201F5</UIGlow>龙眼雷电<UIGlow>01</UIGlow><UIForeground>01</UIForeground>以及<UIForeground>F201F4</UIForeground><UIGlow>F201F5</UIGlow>龙眼苍穹<UIGlow>01</UIGlow><UIForeground>01</UIForeground>时都会赋予一档<UIForeground>F201F4</UIForeground><UIGlow>F201F5</UIGlow>天龙眼<UIGlow>01</UIGlow><UIForeground>01</UIForeground>。
当天龙眼积攒到最大档数时，可以发动<UIForeground>F201F4</UIForeground><UIGlow>F201F5</UIGlow>天龙点睛<UIGlow>01</UIGlow><UIForeground>01</UIForeground>技能。"
44,""
45,"风缠量谱"
46,"学会<UIForeground>F201F4</UIForeground><UIGlow>F201F5</UIGlow>强甲破点突<UIGlow>01</UIGlow><UIForeground>01</UIForeground>技能后，画面上会出现专用的<UIForeground>F201F4</UIForeground><UIGlow>F201F5</UIGlow>风缠量谱<UIGlow>01</UIGlow><UIForeground>01</UIForeground>，以显示<UIForeground>F201F4</UIForeground><UIGlow>F201F5</UIGlow>风缠<UIGlow>01</UIGlow><UIForeground>01</UIForeground>的积蓄状态。
强甲破点突连击成功时获得<UIForeground>F201F4</UIForeground><UIGlow>F201F5</UIGlow>风缠<UIGlow>01</UIGlow><UIForeground>01</UIForeground>，最多5档，消耗风缠可以提升<UIForeground>F201F4</UIForeground><UIGlow>F201F5</UIGlow>旋风刃<UIGlow>01</UIGlow><UIForeground>01</UIForeground>的威力。
注意风缠的积蓄状态，打出强力连击吧！"
47,"忍气量谱"
48,"学会<UIForeground>F201F4</UIForeground><UIGlow>F201F5</UIGlow>集气法<UIGlow>01</UIGlow><UIForeground>01</UIForeground>特性后，画面上会出现专用的<UIForeground>F201F4</UIForeground><UIGlow>F201F5</UIGlow>忍气量谱<UIGlow>01</UIGlow><UIForeground>01</UIForeground>，以显示<UIForeground>F201F4</UIForeground><UIGlow>F201F5</UIGlow>忍气<UIGlow>01</UIGlow><UIForeground>01</UIForeground>量值的积累状况。忍气可以通过发动战技来进行积累，积累的忍气可以用来发动62级学会的<UIForeground>F201F4</UIForeground><UIGlow>F201F5</UIGlow>通灵之术·大虾蟆<UIGlow>01</UIGlow><UIForeground>01</UIForeground>和68级学会的<UIForeground>F201F4</UIForeground><UIGlow>F201F5</UIGlow>六道轮回<UIGlow>01</UIGlow><UIForeground>01</UIForeground>技能。"
49,"雪月花量谱"
50,"武士的<UIForeground>F201F4</UIForeground><UIGlow>F201F5</UIGlow>雪月花量谱<UIGlow>01</UIGlow><UIForeground>01</UIForeground>可以显示当前<UIForeground>F201F4</UIForeground><UIGlow>F201F5</UIGlow>雪之闪<UIGlow>01</UIGlow><UIForeground>01</UIForeground>、<UIForeground>F201F4</UIForeground><UIGlow>F201F5</UIGlow>月之闪<UIGlow>01</UIGlow><UIForeground>01</UIForeground>、<UIForeground>F201F4</UIForeground><UIGlow>F201F5</UIGlow>花之闪<UIGlow>01</UIGlow><UIForeground>01</UIForeground>的触发状况。
这三种<UIForeground>F201F4</UIForeground><UIGlow>F201F5</UIGlow>闪<UIGlow>01</UIGlow><UIForeground>01</UIForeground>可以通过发动特定的连击来触发，根据闪的触发状况不同，<UIForeground>F201F4</UIForeground><UIGlow>F201F5</UIGlow>居合术<UIGlow>01</UIGlow><UIForeground>01</UIForeground>将变为<UIForeground>F201F4</UIForeground><UIGlow>F201F5</UIGlow>彼岸花<UIGlow>01</UIGlow><UIForeground>01</UIForeground>、<UIForeground>F201F4</UIForeground><UIGlow>F201F5</UIGlow>天下五剑<UIGlow>01</UIGlow><UIForeground>01</UIForeground>、<UIForeground>F201F4</UIForeground><UIGlow>F201F5</UIGlow>纷乱雪月花<UIGlow>01</UIGlow><UIForeground>01</UIForeground>这三个不同的技能。"
51,"剑气量谱"
52,"学会<UIForeground>F201F4</UIForeground><UIGlow>F201F5</UIGlow>剑气精通<UIGlow>01</UIGlow><UIForeground>01</UIForeground>特性后，画面上会出现专用的<UIForeground>F201F4</UIForeground><UIGlow>F201F5</UIGlow>剑气量谱<UIGlow>01</UIGlow><UIForeground>01</UIForeground>，以显示<UIForeground>F201F4</UIForeground><UIGlow>F201F5</UIGlow>剑气<UIGlow>01</UIGlow><UIForeground>01</UIForeground>量值的积累状况。
剑气量值可以通过发动战技或心眼成功时来进行积累。通过消耗积累的剑气量值可用来发动52级学会的<UIForeground>F201F4</UIForeground><UIGlow>F201F5</UIGlow>必杀剑·震天<UIGlow>01</UIGlow><UIForeground>01</UIForeground>、54级学会的<UIForeground>F201F4</UIForeground><UIGlow>F201F5</UIGlow>必杀剑·晓天<UIGlow>01</UIGlow><UIForeground>01</UIForeground>、70级学会的<UIForeground>F201F4</UIForeground><UIGlow>F201F5</UIGlow>必杀剑·红莲<UIGlow>01</UIGlow><UIForeground>01</UIForeground>等与必杀剑相关的技能。"
53,"战歌量谱"
54,"发动<UIForeground>F201F4</UIForeground><UIGlow>F201F5</UIGlow>贤者的叙事谣<UIGlow>01</UIGlow><UIForeground>01</UIForeground>技能后，画面上会出现专用的<UIForeground>F201F4</UIForeground><UIGlow>F201F5</UIGlow>战歌量谱<UIGlow>01</UIGlow><UIForeground>01</UIForeground>，以显示当前战歌的剩余持续时间。
在战歌效果中，有一定概率触发<UIForeground>F201F4</UIForeground><UIGlow>F201F5</UIGlow>诗心<UIGlow>01</UIGlow><UIForeground>01</UIForeground>，
以缩短<UIForeground>F201F4</UIForeground><UIGlow>F201F5</UIGlow>失血箭<UIGlow>01</UIGlow><UIForeground>01</UIForeground>与45级学会的<UIForeground>F201F4</UIForeground><UIGlow>F201F5</UIGlow>死亡箭雨<UIGlow>01</UIGlow><UIForeground>01</UIForeground>的复唱时间。"
55,"当<UIForeground>F201F4</UIForeground><UIGlow>F201F5</UIGlow>毒咬箭（烈毒咬箭）<UIGlow>01</UIGlow><UIForeground>01</UIForeground>和<UIForeground>F201F4</UIForeground><UIGlow>F201F5</UIGlow>风蚀箭（狂风蚀箭）<UIGlow>01</UIGlow><UIForeground>01</UIForeground>的持续伤害命中时，诗心效果有一定概率会被触发。在战歌中触发诗心可以大幅提高诗人的攻击力。"
56,"发动<UIForeground>F201F4</UIForeground><UIGlow>F201F5</UIGlow>军神的赞美歌<UIGlow>01</UIGlow><UIForeground>01</UIForeground>技能后，画面上会出现专用的<UIForeground>F201F4</UIForeground><UIGlow>F201F5</UIGlow>战歌量谱<UIGlow>01</UIGlow><UIForeground>01</UIForeground>，以显示当前战歌的剩余持续时间。
在战歌效果中，有一定概率触发<UIForeground>F201F4</UIForeground><UIGlow>F201F5</UIGlow>诗心<UIGlow>01</UIGlow><UIForeground>01</UIForeground>，诗心量值由战歌量谱下方的音符标识表示，最多可以积累到四档。诗心能够提升攻击速度，积累的量值越多，提升的幅度越大。"
57,"发动<UIForeground>F201F4</UIForeground><UIGlow>F201F5</UIGlow>放浪神的小步舞曲<UIGlow>01</UIGlow><UIForeground>01</UIForeground>技能后，画面上会出现专用的<UIForeground>F201F4</UIForeground><UIGlow>F201F5</UIGlow>战歌量谱<UIGlow>01</UIGlow><UIForeground>01</UIForeground>，以显示当前战歌的剩余持续时间。
在战歌效果中，有一定概率触发<UIForeground>F201F4</UIForeground><UIGlow>F201F5</UIGlow>诗心<UIGlow>01</UIGlow><UIForeground>01</UIForeground>，诗心量值由战歌量谱下方的箭头标识表示，最多可以积累到三档。消耗诗心可以发动<UIForeground>F201F4</UIForeground><UIGlow>F201F5</UIGlow>完美音调<UIGlow>01</UIGlow><UIForeground>01</UIForeground>技能。"
58,"灵魂之声量谱"
59,"学会<UIForeground>F201F4</UIForeground><UIGlow>F201F5</UIGlow>灵魂之声<UIGlow>01</UIGlow><UIForeground>01</UIForeground>特性后，画面上会出现专用的<UIForeground>F201F4</UIForeground><UIGlow>F201F5</UIGlow>灵魂之声量谱<UIGlow>01</UIGlow><UIForeground>01</UIForeground>，以显示当前<UIForeground>F201F4</UIForeground><UIGlow>F201F5</UIGlow>灵魂之声<UIGlow>01</UIGlow><UIForeground>01</UIForeground>的具体量值。
触发诗心可以增加灵魂之声量值，消耗积累的灵魂之声量值可以发动<UIForeground>F201F4</UIForeground><UIGlow>F201F5</UIGlow>绝峰箭<UIGlow>01</UIGlow><UIForeground>01</UIForeground>技能。"
60,"机工量谱"
61,"画面上出现的<UIForeground>F201F4</UIForeground><UIGlow>F201F5</UIGlow>枪管热度量谱<UIGlow>01</UIGlow><UIForeground>01</UIForeground>可以显示枪管的<UIForeground>F201F4</UIForeground><UIGlow>F201F5</UIGlow>热度<UIGlow>01</UIGlow><UIForeground>01</UIForeground>量值积累状况，发动特定的战技会导致枪管的热度上升。
热度量值积累到一定程度之后发动<UIForeground>F201F4</UIForeground><UIGlow>F201F5</UIGlow>超荷<UIGlow>01</UIGlow><UIForeground>01</UIForeground>技能，会进入过热状态。
35级学会的<UIForeground>F201F4</UIForeground><UIGlow>F201F5</UIGlow>热冲击<UIGlow>01</UIGlow><UIForeground>01</UIForeground>和52级学会的<UIForeground>F201F4</UIForeground><UIGlow>F201F5</UIGlow>自动弩<UIGlow>01</UIGlow><UIForeground>01</UIForeground>需要在过热状态下才可以发动。"
62,"机工量谱"
63,"学会<UIForeground>F201F4</UIForeground><UIGlow>F201F5</UIGlow>车式浮空炮塔<UIGlow>01</UIGlow><UIForeground>01</UIForeground>技能后，画面上会出现专用的<UIForeground>F201F4</UIForeground><UIGlow>F201F5</UIGlow>电能量谱<UIGlow>01</UIGlow><UIForeground>01</UIForeground>。
发动特定技能可以积累<UIForeground>F201F4</UIForeground><UIGlow>F201F5</UIGlow>电能<UIGlow>01</UIGlow><UIForeground>01</UIForeground>的量值。发动<UIForeground>F201F4</UIForeground><UIGlow>F201F5</UIGlow>车式浮空炮塔<UIGlow>01</UIGlow><UIForeground>01</UIForeground>技能后，可以设置<UIForeground>F201F4</UIForeground><UIGlow>F201F5</UIGlow>炮塔<UIGlow>01</UIGlow><UIForeground>01</UIForeground>配合自己攻击敌人。消耗电能发动80级学会的<UIForeground>F201F4</UIForeground><UIGlow>F201F5</UIGlow>后式自走人偶<UIGlow>01</UIGlow><UIForeground>01</UIForeground>技能，可以召唤出<UIForeground>F201F4</UIForeground><UIGlow>F201F5</UIGlow>后式自走人偶<UIGlow>01</UIGlow><UIForeground>01</UIForeground>与自己共同作战。"
64,"元素量谱"
65,"发动<UIForeground>F201F4</UIForeground><UIGlow>F201F5</UIGlow>火属性<UIGlow>01</UIGlow><UIForeground>01</UIForeground>魔法后会进入<UIForeground>F201F4</UIForeground><UIGlow>F201F5</UIGlow>星极火<UIGlow>01</UIGlow><UIForeground>01</UIForeground>状态，
此时火属性魔法威力会有所提升，不过消耗魔力也会增加。
发动<UIForeground>F201F4</UIForeground><UIGlow>F201F5</UIGlow>冰属性<UIGlow>01</UIGlow><UIForeground>01</UIForeground>魔法后会进入<UIForeground>F201F4</UIForeground><UIGlow>F201F5</UIGlow>灵极冰<UIGlow>01</UIGlow><UIForeground>01</UIForeground>状态，
此时冰属性魔法不消耗魔力，发动成功后会恢复魔力。
※当处于<UIForeground>F201F4</UIForeground><UIGlow>F201F5</UIGlow>星极火<UIGlow>01</UIGlow><UIForeground>01</UIForeground>或<UIForeground>F201F4</UIForeground><UIGlow>F201F5</UIGlow>灵极冰<UIGlow>01</UIGlow><UIForeground>01</UIForeground>状态时，
咏唱相反属性魔法时，虽然威力会减少，但不消耗魔力。

区分使用不同属性的魔法进行战斗吧。"
66,"在星极火或灵极冰状态下将会发动<UIForeground>F201F4</UIForeground><UIGlow>F201F5</UIGlow>天语<UIGlow>01</UIGlow><UIForeground>01</UIForeground>特性，发动后在元素量谱的右下侧将显示天语的赋予状况。
在天语效果中，攻击魔法造成的伤害会有所提升，
星极火或灵极冰的状态消失时，天语也会一同消失。"
67,"咏唱<UIForeground>F201F4</UIForeground><UIGlow>F201F5</UIGlow>玄冰<UIGlow>01</UIGlow><UIForeground>01</UIForeground>或<UIForeground>F201F4</UIForeground><UIGlow>F201F5</UIGlow>冰澈<UIGlow>01</UIGlow><UIForeground>01</UIForeground>魔法后，元素量谱的左下侧会出现显示<UIForeground>F201F4</UIForeground><UIGlow>F201F5</UIGlow>灵极心<UIGlow>01</UIGlow><UIForeground>01</UIForeground>量值的标识。消耗灵极心能够抵消星极火效果中<UIForeground>F201F4</UIForeground><UIGlow>F201F5</UIGlow>火系<UIGlow>01</UIGlow><UIForeground>01</UIForeground>魔法增加的魔力消耗。在星极火状态下，每发动一次火系魔法都会自动消耗一档灵极心。"
68,"<UIForeground>F201F4</UIForeground><UIGlow>F201F5</UIGlow>天语<UIGlow>01</UIGlow><UIForeground>01</UIForeground>特性发动后，每经过30秒可以附加一次<UIForeground>F201F4</UIForeground><UIGlow>F201F5</UIGlow>通晓<UIGlow>01</UIGlow><UIForeground>01</UIForeground>状态，随之点亮量谱下方的水晶。元素量谱右下侧的计时指针代表着发动天语后经过的时间，指针每次从头走到尾需要30秒。"
69,"学会<UIForeground>F201F4</UIForeground><UIGlow>F201F5</UIGlow>通晓效果提高<UIGlow>01</UIGlow><UIForeground>01</UIForeground>特性后，通晓状态的最大档数达到了二档。
<UIForeground>F201F4</UIForeground><UIGlow>F201F5</UIGlow>天语<UIGlow>01</UIGlow><UIForeground>01</UIForeground>特性发动后，每经过30秒可以附加一次<UIForeground>F201F4</UIForeground><UIGlow>F201F5</UIGlow>通晓<UIGlow>01</UIGlow><UIForeground>01</UIForeground>状态，随之点亮量谱下方的水晶，可以发动<UIForeground>F201F4</UIForeground><UIGlow>F201F5</UIGlow>秽浊<UIGlow>01</UIGlow><UIForeground>01</UIForeground>或<UIForeground>F201F4</UIForeground><UIGlow>F201F5</UIGlow>异言<UIGlow>01</UIGlow><UIForeground>01</UIForeground>。元素量谱右下侧的计时指针代表着发动天语后经过的时间，指针每次从头走到尾需要30秒。"
70,"以太超流量谱"
71,"学会<UIForeground>F201F4</UIForeground><UIGlow>F201F5</UIGlow>能量吸收<UIGlow>01</UIGlow><UIForeground>01</UIForeground>技能后，画面上会出现专用的<UIForeground>F201F4</UIForeground><UIGlow>F201F5</UIGlow>以太超流量谱<UIGlow>01</UIGlow><UIForeground>01</UIForeground>，以显示当前附加的以太超流量值。"
72,"同调量谱"
73,"学会<UIForeground>F201F4</UIForeground><UIGlow>F201F5</UIGlow>以太蓄能<UIGlow>01</UIGlow><UIForeground>01</UIForeground>技能后，画面上会出现专用的<UIForeground>F201F4</UIForeground><UIGlow>F201F5</UIGlow>同调量谱<UIGlow>01</UIGlow><UIForeground>01</UIForeground>，以显示以太蓄能的剩余持续时间。
发动以太蓄能后将附加<UIForeground>F201F4</UIForeground><UIGlow>F201F5</UIGlow>红宝石的奥秘<UIGlow>01</UIGlow><UIForeground>01</UIForeground>、<UIForeground>F201F4</UIForeground><UIGlow>F201F5</UIGlow>黄宝石的奥秘<UIGlow>01</UIGlow><UIForeground>01</UIForeground>、<UIForeground>F201F4</UIForeground><UIGlow>F201F5</UIGlow>绿宝石的奥秘<UIGlow>01</UIGlow><UIForeground>01</UIForeground>三种宝石。
可以通过消耗以上三种宝石发动<UIForeground>F201F4</UIForeground><UIGlow>F201F5</UIGlow>火神召唤<UIGlow>01</UIGlow><UIForeground>01</UIForeground>、<UIForeground>F201F4</UIForeground><UIGlow>F201F5</UIGlow>黄宝石召唤<UIGlow>01</UIGlow><UIForeground>01</UIForeground>、<UIForeground>F201F4</UIForeground><UIGlow>F201F5</UIGlow>绿宝石召唤<UIGlow>01</UIGlow><UIForeground>01</UIForeground>技能来召唤出三种召唤兽。"
74,"召唤出召唤兽后，将根据不同的召唤兽对自身附加不同的<UIForeground>F201F4</UIForeground><UIGlow>F201F5</UIGlow>以太<UIGlow>01</UIGlow><UIForeground>01</UIForeground>
同调量谱上会显示目前的以太档数以及剩余时间。
技能<UIForeground>F201F4</UIForeground><UIGlow>F201F5</UIGlow>宝石耀<UIGlow>01</UIGlow><UIForeground>01</UIForeground>和26级学会的<UIForeground>F201F4</UIForeground><UIGlow>F201F5</UIGlow>宝石辉<UIGlow>01</UIGlow><UIForeground>01</UIForeground>的效果会根据附加以太的不同而发生变化。"
75,"学会<UIForeground>F201F4</UIForeground><UIGlow>F201F5</UIGlow>以太蓄能精通<UIGlow>01</UIGlow><UIForeground>01</UIForeground>特性后，画面上会出现专用的<UIForeground>F201F4</UIForeground><UIGlow>F201F5</UIGlow>同调量谱<UIGlow>01</UIGlow><UIForeground>01</UIForeground>以显示龙神附体的剩余持续时间。
发动<UIForeground>F201F4</UIForeground><UIGlow>F201F5</UIGlow>龙神附体<UIGlow>01</UIGlow><UIForeground>01</UIForeground>技能后，将会在<UIForeground>F201F4</UIForeground><UIGlow>F201F5</UIGlow>同调量谱<UIGlow>01</UIGlow><UIForeground>01</UIForeground>上附加<UIForeground>F201F4</UIForeground><UIGlow>F201F5</UIGlow>红宝石的奥秘<UIGlow>01</UIGlow><UIForeground>01</UIForeground>、
<UIForeground>F201F4</UIForeground><UIGlow>F201F5</UIGlow>黄宝石的奥秘<UIGlow>01</UIGlow><UIForeground>01</UIForeground>、<UIForeground>F201F4</UIForeground><UIGlow>F201F5</UIGlow>绿宝石的奥秘<UIGlow>01</UIGlow><UIForeground>01</UIForeground>三种宝石。
此外龙神附体状态中，技能毁荡将变化为<UIForeground>F201F4</UIForeground><UIGlow>F201F5</UIGlow>星极脉冲<UIGlow>01</UIGlow><UIForeground>01</UIForeground>，技能迸裂将变化成<UIForeground>F201F4</UIForeground><UIGlow>F201F5</UIGlow>星极核爆<UIGlow>01</UIGlow><UIForeground>01</UIForeground>。"
76,"召唤出召唤兽后，将根据不同的召唤兽对自身附加不同的<UIForeground>F201F4</UIForeground><UIGlow>F201F5</UIGlow>以太<UIGlow>01</UIGlow><UIForeground>01</UIForeground>
同调量谱上会显示目前的以太档数以及剩余时间。
技能<UIForeground>F201F4</UIForeground><UIGlow>F201F5</UIGlow>宝石耀<UIGlow>01</UIGlow><UIForeground>01</UIForeground>和<UIForeground>F201F4</UIForeground><UIGlow>F201F5</UIGlow>宝石辉<UIGlow>01</UIGlow><UIForeground>01</UIForeground>的效果会根据附加以太的不同而发生变化。"
77,"附体深度"
78,"舞步量谱"
79,"学会<UIForeground>F201F4</UIForeground><UIGlow>F201F5</UIGlow>标准舞步<UIGlow>01</UIGlow><UIForeground>01</UIForeground>技能后，画面上会出现专用的<UIForeground>F201F4</UIForeground><UIGlow>F201F5</UIGlow>舞步量谱<UIGlow>01</UIGlow><UIForeground>01</UIForeground>。发动标准舞步可以进入<UIForeground>F201F4</UIForeground><UIGlow>F201F5</UIGlow>跳舞模式<UIGlow>01</UIGlow><UIForeground>01</UIForeground>。
在跳舞模式中按照正确顺序发动舞步量谱显示的<UIForeground>F201F4</UIForeground><UIGlow>F201F5</UIGlow>舞步技能<UIGlow>01</UIGlow><UIForeground>01</UIForeground>，再发动临时取代标准舞步的<UIForeground>F201F4</UIForeground><UIGlow>F201F5</UIGlow>标准舞步结束<UIGlow>01</UIGlow><UIForeground>01</UIForeground>，可以提高自己用<UIForeground>F201F4</UIForeground><UIGlow>F201F5</UIGlow>闭式舞姿<UIGlow>01</UIGlow><UIForeground>01</UIForeground>选择的小队队员以及自身所造成的伤害。
舞步量谱的下方将显示跳舞效果的剩余持续时间。"
80,"幻扇量谱"
81,"学会<UIForeground>F201F4</UIForeground><UIGlow>F201F5</UIGlow>幻扇<UIGlow>01</UIGlow><UIForeground>01</UIForeground>特性后，画面上会出现专用的<UIForeground>F201F4</UIForeground><UIGlow>F201F5</UIGlow>幻扇量谱<UIGlow>01</UIGlow><UIForeground>01</UIForeground>，以显示当前附加的<UIForeground>F201F4</UIForeground><UIGlow>F201F5</UIGlow>幻扇<UIGlow>01</UIGlow><UIForeground>01</UIForeground>量值。
发动<UIForeground>F201F4</UIForeground><UIGlow>F201F5</UIGlow>逆瀑泻<UIGlow>01</UIGlow><UIForeground>01</UIForeground>和<UIForeground>F201F4</UIForeground><UIGlow>F201F5</UIGlow>升风车<UIGlow>01</UIGlow><UIForeground>01</UIForeground>等技能会附加幻扇状态，最多可以积累到四档。发动<UIForeground>F201F4</UIForeground><UIGlow>F201F5</UIGlow>扇舞·序<UIGlow>01</UIGlow><UIForeground>01</UIForeground>或50级学会的<UIForeground>F201F4</UIForeground><UIGlow>F201F5</UIGlow>扇舞·破<UIGlow>01</UIGlow><UIForeground>01</UIForeground>需要消耗一档幻扇量值。"
82,"舞步量谱"
83,"学会并发动<UIForeground>F201F4</UIForeground><UIGlow>F201F5</UIGlow>技巧舞步<UIGlow>01</UIGlow><UIForeground>01</UIForeground>技能后，<UIForeground>F201F4</UIForeground><UIGlow>F201F5</UIGlow>舞步量谱<UIGlow>01</UIGlow><UIForeground>01</UIForeground>上会显示四种舞步技能。
与标准舞步一样，按照正确顺序发动舞步技能，再发动临时取代技巧舞步的<UIForeground>F201F4</UIForeground><UIGlow>F201F5</UIGlow>技巧舞步结束<UIGlow>01</UIGlow><UIForeground>01</UIForeground>，可以提高周围的小队队员与自身所造成的伤害。"
84,"幻扇量谱/伶俐量谱"
85,"学会<UIForeground>F201F4</UIForeground><UIGlow>F201F5</UIGlow>伶俐<UIGlow>01</UIGlow><UIForeground>01</UIForeground>特性后，<UIForeground>F201F4</UIForeground><UIGlow>F201F5</UIGlow>幻扇量谱<UIGlow>01</UIGlow><UIForeground>01</UIForeground>上会出现<UIForeground>F201F4</UIForeground><UIGlow>F201F5</UIGlow>伶俐量谱<UIGlow>01</UIGlow><UIForeground>01</UIForeground>，以显示伶俐量值的积累状况。
当自身与小队队员附加了<UIForeground>F201F4</UIForeground><UIGlow>F201F5</UIGlow>标准舞步结束<UIGlow>01</UIGlow><UIForeground>01</UIForeground>和<UIForeground>F201F4</UIForeground><UIGlow>F201F5</UIGlow>技巧舞步结束<UIGlow>01</UIGlow><UIForeground>01</UIForeground>的追加状态<UIForeground>F201F4</UIForeground><UIGlow>F201F5</UIGlow>伶俐<UIGlow>01</UIGlow><UIForeground>01</UIForeground>之后，发动战技或魔法时，会积累伶俐量值。积累的伶俐量值可以用来发动<UIForeground>F201F4</UIForeground><UIGlow>F201F5</UIGlow>剑舞<UIGlow>01</UIGlow><UIForeground>01</UIForeground>技能。"
86,"平衡量谱"
87,"赤魔法师有着独特的魔法体系，<UIForeground>F201F4</UIForeground><UIGlow>F201F5</UIGlow>平衡量谱<UIGlow>01</UIGlow><UIForeground>01</UIForeground>可以显示其魔力源泉的<UIForeground>F201F4</UIForeground><UIGlow>F201F5</UIGlow>白魔元<UIGlow>01</UIGlow><UIForeground>01</UIForeground>与<UIForeground>F201F4</UIForeground><UIGlow>F201F5</UIGlow>黑魔元<UIGlow>01</UIGlow><UIForeground>01</UIForeground>各自的量值。发动特定魔法可以积累魔元量值，不同魔法对两种魔元的积累效果会有所不同。当积累到一定程度后，<UIForeground>F201F4</UIForeground><UIGlow>F201F5</UIGlow>回刺<UIGlow>01</UIGlow><UIForeground>01</UIForeground>等特定技能将被替换为<UIForeground>F201F4</UIForeground><UIGlow>F201F5</UIGlow>魔回刺<UIGlow>01</UIGlow><UIForeground>01</UIForeground>等威力更大的技能。"
88,"另外，当白魔元与黑魔元差距过大时，平衡量谱上方的水晶会改变颜色，较少一方的魔元积累效率会降低。
因此积累魔元时一定要注意黑与白的平衡，这样才能更有效地提高攻击力。"
89,"晶壤量谱"
90,"开启<UIForeground>F201F4</UIForeground><UIGlow>F201F5</UIGlow>王室亲卫<UIGlow>01</UIGlow><UIForeground>01</UIForeground>技能后，画面上会出现显示该技能发动状态的量谱。
想要集中仇恨时，建议发动王室亲卫。"
91,"晶壤量谱"
92,"学会<UIForeground>F201F4</UIForeground><UIGlow>F201F5</UIGlow>晶壤装填<UIGlow>01</UIGlow><UIForeground>01</UIForeground>特性后，画面上会出现专用的<UIForeground>F201F4</UIForeground><UIGlow>F201F5</UIGlow>晶壤量谱<UIGlow>01</UIGlow><UIForeground>01</UIForeground>，以显示当前<UIForeground>F201F4</UIForeground><UIGlow>F201F5</UIGlow>晶壤<UIGlow>01</UIGlow><UIForeground>01</UIForeground>的具体量值。
当<UIForeground>F201F4</UIForeground><UIGlow>F201F5</UIGlow>迅连斩<UIGlow>01</UIGlow><UIForeground>01</UIForeground>和40级学会的<UIForeground>F201F4</UIForeground><UIGlow>F201F5</UIGlow>恶魔杀<UIGlow>01</UIGlow><UIForeground>01</UIForeground>连击成功时可以获得一档晶壤，发动<UIForeground>F201F4</UIForeground><UIGlow>F201F5</UIGlow>爆发击<UIGlow>01</UIGlow><UIForeground>01</UIForeground>或60级学会的<UIForeground>F201F4</UIForeground><UIGlow>F201F5</UIGlow>烈牙<UIGlow>01</UIGlow><UIForeground>01</UIForeground>技能时需要消耗一档晶壤。"
93,"学会<UIForeground>F201F4</UIForeground><UIGlow>F201F5</UIGlow>龙神附体效果提高<UIGlow>01</UIGlow><UIForeground>01</UIForeground>特性后，发动<UIForeground>F201F4</UIForeground><UIGlow>F201F5</UIGlow>龙神召唤<UIGlow>01</UIGlow><UIForeground>01</UIForeground>技能便会出现<UIForeground>F201F4</UIForeground><UIGlow>F201F5</UIGlow>亚灵神巴哈姆特<UIGlow>01</UIGlow><UIForeground>01</UIForeground>。
在召唤亚灵神巴哈姆特后，<UIForeground>F201F4</UIForeground><UIGlow>F201F5</UIGlow>同调量谱<UIGlow>01</UIGlow><UIForeground>01</UIForeground>上会显示亚灵神巴哈姆特的剩余显现时间。
发动<UIForeground>F201F4</UIForeground><UIGlow>F201F5</UIGlow>龙神召唤<UIGlow>01</UIGlow><UIForeground>01</UIForeground>技能，将会在<UIForeground>F201F4</UIForeground><UIGlow>F201F5</UIGlow>同调量谱<UIGlow>01</UIGlow><UIForeground>01</UIForeground>上附加<UIForeground>F201F4</UIForeground><UIGlow>F201F5</UIGlow>红宝石的奥秘<UIGlow>01</UIGlow><UIForeground>01</UIForeground>、
<UIForeground>F201F4</UIForeground><UIGlow>F201F5</UIGlow>黄宝石的奥秘<UIGlow>01</UIGlow><UIForeground>01</UIForeground>、<UIForeground>F201F4</UIForeground><UIGlow>F201F5</UIGlow>绿宝石的奥秘<UIGlow>01</UIGlow><UIForeground>01</UIForeground>三种宝石。
此外龙神附体状态中，技能毁荡将变化为<UIForeground>F201F4</UIForeground><UIGlow>F201F5</UIGlow>星极脉冲<UIGlow>01</UIGlow><UIForeground>01</UIForeground>，技能迸裂将变化成<UIForeground>F201F4</UIForeground><UIGlow>F201F5</UIGlow>星极核爆<UIGlow>01</UIGlow><UIForeground>01</UIForeground>，技能星极超流将变化成<UIForeground>F201F4</UIForeground><UIGlow>F201F5</UIGlow>死星核爆<UIGlow>01</UIGlow><UIForeground>01</UIForeground>。"
94,"学会<UIForeground>F201F4</UIForeground><UIGlow>F201F5</UIGlow>照破<UIGlow>01</UIGlow><UIForeground>01</UIForeground>技能后，画面上会出现显示<UIForeground>F201F4</UIForeground><UIGlow>F201F5</UIGlow>剑压<UIGlow>01</UIGlow><UIForeground>01</UIForeground>积蓄状态的<UIForeground>F201F4</UIForeground><UIGlow>F201F5</UIGlow>剑压量谱<UIGlow>01</UIGlow><UIForeground>01</UIForeground>。
发动<UIForeground>F201F4</UIForeground><UIGlow>F201F5</UIGlow>居合术<UIGlow>01</UIGlow><UIForeground>01</UIForeground>、<UIForeground>F201F4</UIForeground><UIGlow>F201F5</UIGlow>默想<UIGlow>01</UIGlow><UIForeground>01</UIForeground>和90级学会的<UIForeground>F201F4</UIForeground><UIGlow>F201F5</UIGlow>奥义斩浪<UIGlow>01</UIGlow><UIForeground>01</UIForeground>可以获得剑压，发动<UIForeground>F201F4</UIForeground><UIGlow>F201F5</UIGlow>照破<UIGlow>01</UIGlow><UIForeground>01</UIForeground>可以消耗剑压。"
95,"学会<UIForeground>F201F4</UIForeground><UIGlow>F201F5</UIGlow>铁山斗气<UIGlow>01</UIGlow><UIForeground>01</UIForeground>技能后，画面上会出现显示<UIForeground>F201F4</UIForeground><UIGlow>F201F5</UIGlow>斗气<UIGlow>01</UIGlow><UIForeground>01</UIForeground>积蓄状态的<UIForeground>F201F4</UIForeground><UIGlow>F201F5</UIGlow>斗气量谱<UIGlow>01</UIGlow><UIForeground>01</UIForeground>。
斗气积攒到最大档时，可以发动<UIForeground>F201F4</UIForeground><UIGlow>F201F5</UIGlow>铁山靠<UIGlow>01</UIGlow><UIForeground>01</UIForeground>技能。"
96,"必杀技量谱"
97,"学会<UIForeground>F201F4</UIForeground><UIGlow>F201F5</UIGlow>震脚效果提高<UIGlow>01</UIGlow><UIForeground>01</UIForeground>特性后，画面上会出现<UIForeground>F201F4</UIForeground><UIGlow>F201F5</UIGlow>必杀技量谱<UIGlow>01</UIGlow><UIForeground>01</UIForeground>和<UIForeground>F201F4</UIForeground><UIGlow>F201F5</UIGlow>阴阳斗气<UIGlow>01</UIGlow><UIForeground>01</UIForeground>。
震脚状态中发动战技,会对附加<UIForeground>F201F4</UIForeground><UIGlow>F201F5</UIGlow>脉轮<UIGlow>01</UIGlow><UIForeground>01</UIForeground>。
脉轮共有三种，分别为<UIForeground>F201F4</UIForeground><UIGlow>F201F5</UIGlow>盗龙脉轮<UIGlow>01</UIGlow><UIForeground>01</UIForeground>、<UIForeground>F201F4</UIForeground><UIGlow>F201F5</UIGlow>猛豹脉轮<UIGlow>01</UIGlow><UIForeground>01</UIForeground>以及<UIForeground>F201F4</UIForeground><UIGlow>F201F5</UIGlow>魔猿脉轮<UIGlow>01</UIGlow><UIForeground>01</UIForeground>，
发动特定战技可获得对应的脉轮。
附加三种相同的脉轮后，可以发动<UIForeground>F201F4</UIForeground><UIGlow>F201F5</UIGlow>苍气炮<UIGlow>01</UIGlow><UIForeground>01</UIForeground>技能。
附加三种不同的脉轮后，可以发动<UIForeground>F201F4</UIForeground><UIGlow>F201F5</UIGlow>爆裂脚<UIGlow>01</UIGlow><UIForeground>01</UIForeground>技能。

此外，发动苍气炮后将会附加<UIForeground>F201F4</UIForeground><UIGlow>F201F5</UIGlow>太阴斗气<UIGlow>01</UIGlow><UIForeground>01</UIForeground>，发动爆裂脚后将会附加<UIForeground>F201F4</UIForeground><UIGlow>F201F5</UIGlow>太阳斗气<UIGlow>01</UIGlow><UIForeground>01</UIForeground>，
在此基础上不分种类再次附加三种脉轮，可以发动<UIForeground>F201F4</UIForeground><UIGlow>F201F5</UIGlow>斗魂旋风脚<UIGlow>01</UIGlow><UIForeground>01</UIForeground>。"
98,"必殺技シンボル/陰陽の闘気"
99,"特性<UIForeground>F201F4</UIForeground><UIGlow>F201F5</UIGlow>「必殺技効果アップ」<UIGlow>01</UIGlow><UIForeground>01</UIForeground>を修得し、<UIForeground>F201F4</UIForeground><UIGlow>F201F5</UIGlow>「陰陽の闘気」<UIGlow>01</UIGlow><UIForeground>01</UIForeground>が表示されるように
なりました！
必殺技「天宙脚」を実行すると<UIForeground>F201F4</UIForeground><UIGlow>F201F5</UIGlow>「陰の闘気」<UIGlow>01</UIGlow><UIForeground>01</UIForeground>が付与され、「鳳凰の舞」を実行すると<UIForeground>F201F4</UIForeground><UIGlow>F201F5</UIGlow>「陽の闘気」<UIGlow>01</UIGlow><UIForeground>01</UIForeground>が付与され、さらに「闘魂」3種が種類を問わず付与された状態になると、最強の必殺技<UIForeground>F201F4</UIForeground><UIGlow>F201F5</UIGlow>「夢幻闘舞」<UIGlow>01</UIGlow><UIForeground>01</UIForeground>が実行できます。"
100,"アルカナシンボル/マイナーアルカナ"
101,"学会<UIForeground>F201F4</UIForeground><UIGlow>F201F5</UIGlow>小奥秘卡<UIGlow>01</UIGlow><UIForeground>01</UIForeground>后，在发动小奥秘卡时将会在奥秘量谱显示抽到的卡牌。"
102,"学会<UIForeground>F201F4</UIForeground><UIGlow>F201F5</UIGlow>以太蓄能<UIGlow>01</UIGlow><UIForeground>01</UIForeground>技能后，画面上会出现专用的<UIForeground>F201F4</UIForeground><UIGlow>F201F5</UIGlow>同调量谱<UIGlow>01</UIGlow><UIForeground>01</UIForeground>，以显示以太蓄能的剩余持续时间。
发动以太蓄能后将附加<UIForeground>F201F4</UIForeground><UIGlow>F201F5</UIGlow>红宝石的奥秘<UIGlow>01</UIGlow><UIForeground>01</UIForeground>，通过消耗红宝石的奥秘，可以发动<UIForeground>F201F4</UIForeground><UIGlow>F201F5</UIGlow>红宝石召唤<UIGlow>01</UIGlow><UIForeground>01</UIForeground>来召唤出<UIForeground>F201F4</UIForeground><UIGlow>F201F5</UIGlow>红宝石兽<UIGlow>01</UIGlow><UIForeground>01</UIForeground>。
此外在15级学会<UIForeground>F201F4</UIForeground><UIGlow>F201F5</UIGlow>以太蓄能效果提高<UIGlow>01</UIGlow><UIForeground>01</UIForeground>特性后、在22级学会<UIForeground>F201F4</UIForeground><UIGlow>F201F5</UIGlow>以太蓄能效果提高II<UIGlow>01</UIGlow><UIForeground>01</UIForeground>特性后，
可以分别附加<UIForeground>F201F4</UIForeground><UIGlow>F201F5</UIGlow>黄宝石的奥秘<UIGlow>01</UIGlow><UIForeground>01</UIForeground>和<UIForeground>F201F4</UIForeground><UIGlow>F201F5</UIGlow>绿宝石的奥秘<UIGlow>01</UIGlow><UIForeground>01</UIForeground>，
并能够召唤出对应的召唤兽。"
103,"召唤出召唤兽后，将根据不同的召唤兽对自身附加不同的<UIForeground>F201F4</UIForeground><UIGlow>F201F5</UIGlow>以太<UIGlow>01</UIGlow><UIForeground>01</UIForeground>
同调量谱上会显示目前的以太档数以及剩余时间。
技能<UIForeground>F201F4</UIForeground><UIGlow>F201F5</UIGlow>宝石耀<UIGlow>01</UIGlow><UIForeground>01</UIForeground>和26级学会的<UIForeground>F201F4</UIForeground><UIGlow>F201F5</UIGlow>宝石辉<UIGlow>01</UIGlow><UIForeground>01</UIForeground>的效果会根据附加以太的不同而发生变化。"
104,"召唤出召唤兽后，将根据不同的召唤兽对自身附加不同的<UIForeground>F201F4</UIForeground><UIGlow>F201F5</UIGlow>以太<UIGlow>01</UIGlow><UIForeground>01</UIForeground>
同调量谱上会显示目前的以太档数以及剩余时间。
技能<UIForeground>F201F4</UIForeground><UIGlow>F201F5</UIGlow>宝石耀<UIGlow>01</UIGlow><UIForeground>01</UIForeground>和<UIForeground>F201F4</UIForeground><UIGlow>F201F5</UIGlow>宝石辉<UIGlow>01</UIGlow><UIForeground>01</UIForeground>的效果会根据附加以太的不同而发生变化。"
105,"学会<UIForeground>F201F4</UIForeground><UIGlow>F201F5</UIGlow>龙神召唤效果提高<UIGlow>01</UIGlow><UIForeground>01</UIForeground>特性后，发动<UIForeground>F201F4</UIForeground><UIGlow>F201F5</UIGlow>不死鸟召唤<UIGlow>01</UIGlow><UIForeground>01</UIForeground>技能便能召唤出<UIForeground>F201F4</UIForeground><UIGlow>F201F5</UIGlow>亚灵神不死鸟<UIGlow>01</UIGlow><UIForeground>01</UIForeground>。
在召唤亚灵神不死鸟后，<UIForeground>F201F4</UIForeground><UIGlow>F201F5</UIGlow>同调量谱<UIGlow>01</UIGlow><UIForeground>01</UIForeground>上会显示亚灵神不死鸟的剩余显现时间。
发动<UIForeground>F201F4</UIForeground><UIGlow>F201F5</UIGlow>不死鸟召唤<UIGlow>01</UIGlow><UIForeground>01</UIForeground>技能，将会在<UIForeground>F201F4</UIForeground><UIGlow>F201F5</UIGlow>同调量谱<UIGlow>01</UIGlow><UIForeground>01</UIForeground>上附加<UIForeground>F201F4</UIForeground><UIGlow>F201F5</UIGlow>红宝石的奥秘<UIGlow>01</UIGlow><UIForeground>01</UIForeground>、
<UIForeground>F201F4</UIForeground><UIGlow>F201F5</UIGlow>黄宝石的奥秘<UIGlow>01</UIGlow><UIForeground>01</UIForeground>、<UIForeground>F201F4</UIForeground><UIGlow>F201F5</UIGlow>绿宝石的奥秘<UIGlow>01</UIGlow><UIForeground>01</UIForeground>三种宝石。
此外不死鸟召唤状态中，技能毁荡将变化为<UIForeground>F201F4</UIForeground><UIGlow>F201F5</UIGlow>灵泉之炎<UIGlow>01</UIGlow><UIForeground>01</UIForeground>，技能三重灾祸将变化成<UIForeground>F201F4</UIForeground><UIGlow>F201F5</UIGlow>炼狱之炎<UIGlow>01</UIGlow><UIForeground>01</UIForeground>，技能星极超流将变化成<UIForeground>F201F4</UIForeground><UIGlow>F201F5</UIGlow>苏生之炎<UIGlow>01</UIGlow><UIForeground>01</UIForeground>。"
106,"召唤出召唤兽后，将根据不同的召唤兽对自身附加不同的<UIForeground>F201F4</UIForeground><UIGlow>F201F5</UIGlow>以太<UIGlow>01</UIGlow><UIForeground>01</UIForeground>
同调量谱上会显示目前的以太档数以及剩余时间。
技能<UIForeground>F201F4</UIForeground><UIGlow>F201F5</UIGlow>宝石耀<UIGlow>01</UIGlow><UIForeground>01</UIForeground>和<UIForeground>F201F4</UIForeground><UIGlow>F201F5</UIGlow>宝石辉<UIGlow>01</UIGlow><UIForeground>01</UIForeground>的效果会根据附加以太的不同而发生变化。
86级学会<UIForeground>F201F4</UIForeground><UIGlow>F201F5</UIGlow>元素精通<UIGlow>01</UIGlow><UIForeground>01</UIForeground>特性后，<UIForeground>F201F4</UIForeground><UIGlow>F201F5</UIGlow>星极超流<UIGlow>01</UIGlow><UIForeground>01</UIForeground>会根据附加以太的不同而发生变化。"
107,"尾声量谱"
108,"学会<UIForeground>F201F4</UIForeground><UIGlow>F201F5</UIGlow>战歌效果提高<UIGlow>01</UIGlow><UIForeground>01</UIForeground>特性后，画面上会出现专用的<UIForeground>F201F4</UIForeground><UIGlow>F201F5</UIGlow>尾声量谱<UIGlow>01</UIGlow><UIForeground>01</UIForeground>。
尾声标识共有三种，分别为<UIForeground>F201F4</UIForeground><UIGlow>F201F5</UIGlow>贤者的尾声<UIGlow>01</UIGlow><UIForeground>01</UIForeground>、<UIForeground>F201F4</UIForeground><UIGlow>F201F5</UIGlow>军神的尾声<UIGlow>01</UIGlow><UIForeground>01</UIForeground>、<UIForeground>F201F4</UIForeground><UIGlow>F201F5</UIGlow>放浪神的尾声<UIGlow>01</UIGlow><UIForeground>01</UIForeground>，
可以通过发动贤者的叙事谣、军神的赞美歌、放浪神的小步舞曲以上三个技能附加。
当尾声标识处于一档或更高时可以发动<UIForeground>F201F4</UIForeground><UIGlow>F201F5</UIGlow>光明神的最终乐章<UIGlow>01</UIGlow><UIForeground>01</UIForeground>技能。"
109,"学会<UIForeground>F201F4</UIForeground><UIGlow>F201F5</UIGlow>极性精通V<UIGlow>01</UIGlow><UIForeground>01</UIForeground>特性后，
画面上会出现专用的<UIForeground>F201F4</UIForeground><UIGlow>F201F5</UIGlow>悖论量谱<UIGlow>01</UIGlow><UIForeground>01</UIForeground>。
自身<UIForeground>F201F4</UIForeground><UIGlow>F201F5</UIGlow>星极火<UIGlow>01</UIGlow><UIForeground>01</UIForeground>或<UIForeground>F201F4</UIForeground><UIGlow>F201F5</UIGlow>灵极冰<UIGlow>01</UIGlow><UIForeground>01</UIForeground>与<UIForeground>F201F4</UIForeground><UIGlow>F201F5</UIGlow>灵极心<UIGlow>01</UIGlow><UIForeground>01</UIForeground>为最大档数时，
将自身的状态转变为相反的属性，
量谱左侧的悖论水晶就会点亮，
此时可以发动<UIForeground>F201F4</UIForeground><UIGlow>F201F5</UIGlow>悖论<UIGlow>01</UIGlow><UIForeground>01</UIForeground>技能。"
110,"学会<UIForeground>F201F4</UIForeground><UIGlow>F201F5</UIGlow>晶壤装填效果提高<UIGlow>01</UIGlow><UIForeground>01</UIForeground>特性后，晶壤的最大档数将变成三挡。
当<UIForeground>F201F4</UIForeground><UIGlow>F201F5</UIGlow>迅连斩<UIGlow>01</UIGlow><UIForeground>01</UIForeground>和40级学会的<UIForeground>F201F4</UIForeground><UIGlow>F201F5</UIGlow>恶魔杀<UIGlow>01</UIGlow><UIForeground>01</UIForeground>连击成功时可以获得一档<UIForeground>F201F4</UIForeground><UIGlow>F201F5</UIGlow>晶壤<UIGlow>01</UIGlow><UIForeground>01</UIForeground>，发动<UIForeground>F201F4</UIForeground><UIGlow>F201F5</UIGlow>爆发击<UIGlow>01</UIGlow><UIForeground>01</UIForeground>或60级学会的<UIForeground>F201F4</UIForeground><UIGlow>F201F5</UIGlow>烈牙<UIGlow>01</UIGlow><UIForeground>01</UIForeground>技能时需要消耗一档<UIForeground>F201F4</UIForeground><UIGlow>F201F5</UIGlow>晶壤<UIGlow>01</UIGlow><UIForeground>01</UIForeground>。"
111,"学会<UIForeground>F201F4</UIForeground><UIGlow>F201F5</UIGlow>灵魂<UIGlow>01</UIGlow><UIForeground>01</UIForeground>特性后，画面上会出现专用的<UIForeground>F201F4</UIForeground><UIGlow>F201F5</UIGlow>灵魂量谱<UIGlow>01</UIGlow><UIForeground>01</UIForeground>，以显示当前<UIForeground>F201F4</UIForeground><UIGlow>F201F5</UIGlow>灵魂<UIGlow>01</UIGlow><UIForeground>01</UIForeground>的具体量值。
发动<UIForeground>F201F4</UIForeground><UIGlow>F201F5</UIGlow>死亡之影<UIGlow>01</UIGlow><UIForeground>01</UIForeground>会对目标附加<UIForeground>F201F4</UIForeground><UIGlow>F201F5</UIGlow>死亡烙印<UIGlow>01</UIGlow><UIForeground>01</UIForeground>，在该效果时间内击倒目标可以积累灵魂。
另外，发动其他特定战技也会积累灵魂。
通过消耗灵魂可以发动<UIForeground>F201F4</UIForeground><UIGlow>F201F5</UIGlow>隐匿挥割<UIGlow>01</UIGlow><UIForeground>01</UIForeground>和55级学会的<UIForeground>F201F4</UIForeground><UIGlow>F201F5</UIGlow>束缚挥割<UIGlow>01</UIGlow><UIForeground>01</UIForeground>
以及76级学会的<UIForeground>F201F4</UIForeground><UIGlow>F201F5</UIGlow>暴食<UIGlow>01</UIGlow><UIForeground>01</UIForeground>等技能。"
112,"学会<UIForeground>F201F4</UIForeground><UIGlow>F201F5</UIGlow>魂衣<UIGlow>01</UIGlow><UIForeground>01</UIForeground>特性后，画面上会出现专用的<UIForeground>F201F4</UIForeground><UIGlow>F201F5</UIGlow>魂衣量谱<UIGlow>01</UIGlow><UIForeground>01</UIForeground>和<UIForeground>F201F4</UIForeground><UIGlow>F201F5</UIGlow>夜游魂量谱<UIGlow>01</UIGlow><UIForeground>01</UIForeground>。
魂衣量谱用于显示当前<UIForeground>F201F4</UIForeground><UIGlow>F201F5</UIGlow>魂衣<UIGlow>01</UIGlow><UIForeground>01</UIForeground>的具体量值，
当发动特定战技时，将会积累魂衣量值。
通过消耗魂衣量值可以发动<UIForeground>F201F4</UIForeground><UIGlow>F201F5</UIGlow>夜游魂衣<UIGlow>01</UIGlow><UIForeground>01</UIForeground>技能。"
113,"学会<UIForeground>F201F4</UIForeground><UIGlow>F201F5</UIGlow>魂衣<UIGlow>01</UIGlow><UIForeground>01</UIForeground>特性后，画面上会出现专用的<UIForeground>F201F4</UIForeground><UIGlow>F201F5</UIGlow>魂衣量谱<UIGlow>01</UIGlow><UIForeground>01</UIForeground>，以显示当前<UIForeground>F201F4</UIForeground><UIGlow>F201F5</UIGlow>魂衣<UIGlow>01</UIGlow><UIForeground>01</UIForeground>的具体量值。
当发动特定战技时，将会积累魂衣量值。
通过消耗魂衣量值可以发动<UIForeground>F201F4</UIForeground><UIGlow>F201F5</UIGlow>夜游魂衣<UIGlow>01</UIGlow><UIForeground>01</UIForeground>技能。"
114,"<UIForeground>F201F4</UIForeground><UIGlow>F201F5</UIGlow>夜游魂量谱<UIGlow>01</UIGlow><UIForeground>01</UIForeground>上会显示出夜游魂状态的持续时间以及夜游魂的量值。
通过消耗夜游魂，可以发动<UIForeground>F201F4</UIForeground><UIGlow>F201F5</UIGlow>虚无收割<UIGlow>01</UIGlow><UIForeground>01</UIForeground>和90级学会的<UIForeground>F201F4</UIForeground><UIGlow>F201F5</UIGlow>团契<UIGlow>01</UIGlow><UIForeground>01</UIForeground>等技能。"
115,"灵魂量谱"
116,"夜游魂量谱"
117,"均衡量谱"
118,"蛇胆量谱"
119,"学会<UIForeground>F201F4</UIForeground><UIGlow>F201F5</UIGlow>均衡<UIGlow>01</UIGlow><UIForeground>01</UIForeground>技能后，画面上会出现专用的<UIForeground>F201F4</UIForeground><UIGlow>F201F5</UIGlow>均衡量谱<UIGlow>01</UIGlow><UIForeground>01</UIForeground>。
当发动均衡后，<UIForeground>F201F4</UIForeground><UIGlow>F201F5</UIGlow>注药<UIGlow>01</UIGlow><UIForeground>01</UIForeground>、
<UIForeground>F201F4</UIForeground><UIGlow>F201F5</UIGlow>诊断<UIGlow>01</UIGlow><UIForeground>01</UIForeground>、<UIForeground>F201F4</UIForeground><UIGlow>F201F5</UIGlow>预后<UIGlow>01</UIGlow><UIForeground>01</UIForeground>的效果会发生改变。"
120,"学会<UIForeground>F201F4</UIForeground><UIGlow>F201F5</UIGlow>蛇胆<UIGlow>01</UIGlow><UIForeground>01</UIForeground>特性后，画面上会出现专用的<UIForeground>F201F4</UIForeground><UIGlow>F201F5</UIGlow>蛇胆量谱<UIGlow>01</UIGlow><UIForeground>01</UIForeground>以显示当前蛇胆的数量。
蛇胆会在经过一定时间后自动附加。
通过消耗蛇胆可以发动<UIForeground>F201F4</UIForeground><UIGlow>F201F5</UIGlow>灵橡清汁<UIGlow>01</UIGlow><UIForeground>01</UIForeground>和50级学会的<UIForeground>F201F4</UIForeground><UIGlow>F201F5</UIGlow>坚角清汁<UIGlow>01</UIGlow><UIForeground>01</UIForeground>等技能。"
121,"学会<UIForeground>F201F4</UIForeground><UIGlow>F201F5</UIGlow>蛇刺<UIGlow>01</UIGlow><UIForeground>01</UIForeground>特性后，蛇胆量谱上会显示<UIForeground>F201F4</UIForeground><UIGlow>F201F5</UIGlow>蛇刺<UIGlow>01</UIGlow><UIForeground>01</UIForeground>的档数。
当发动<UIForeground>F201F4</UIForeground><UIGlow>F201F5</UIGlow>均衡诊断<UIGlow>01</UIGlow><UIForeground>01</UIForeground>对目标附加的护盾因吸收伤害而消失，
或发动<UIForeground>F201F4</UIForeground><UIGlow>F201F5</UIGlow>均衡预后<UIGlow>01</UIGlow><UIForeground>01</UIForeground>对自身附加的护盾因吸收伤害而消失时，可获得一档蛇刺。
通过消耗蛇刺可以发动<UIForeground>F201F4</UIForeground><UIGlow>F201F5</UIGlow>箭毒<UIGlow>01</UIGlow><UIForeground>01</UIForeground>或82级学会的<UIForeground>F201F4</UIForeground><UIGlow>F201F5</UIGlow>箭毒II<UIGlow>01</UIGlow><UIForeground>01</UIForeground>技能。"
122,"バランスゲージ/マナスタックシンボル"
123,"学会<UIForeground>F201F4</UIForeground><UIGlow>F201F5</UIGlow>魔法剑效果提高<UIGlow>01</UIGlow><UIForeground>01</UIForeground>特性后，画面上会出现专用的<UIForeground>F201F4</UIForeground><UIGlow>F201F5</UIGlow>魔元集量谱<UIGlow>01</UIGlow><UIForeground>01</UIForeground>。
魔元集可以通过发动<UIForeground>F201F4</UIForeground><UIGlow>F201F5</UIGlow>魔回刺<UIGlow>01</UIGlow><UIForeground>01</UIForeground>、<UIForeground>F201F4</UIForeground><UIGlow>F201F5</UIGlow>魔交击斩<UIGlow>01</UIGlow><UIForeground>01</UIForeground>、
<UIForeground>F201F4</UIForeground><UIGlow>F201F5</UIGlow>魔连攻<UIGlow>01</UIGlow><UIForeground>01</UIForeground>、<UIForeground>F201F4</UIForeground><UIGlow>F201F5</UIGlow>魔划圆斩<UIGlow>01</UIGlow><UIForeground>01</UIForeground>技能积累。
当魔元集积累到最大值时，可以发动<UIForeground>F201F4</UIForeground><UIGlow>F201F5</UIGlow>赤核爆<UIGlow>01</UIGlow><UIForeground>01</UIForeground>和70级学会的<UIForeground>F201F4</UIForeground><UIGlow>F201F5</UIGlow>赤神圣<UIGlow>01</UIGlow><UIForeground>01</UIForeground>。
发动魔法类技能将会消耗魔元集。"
124,"夜游魂量谱上会显示出夜游魂状态的持续时间以及夜游魂的量值。
通过消耗夜游魂，可以发动<UIForeground>F201F4</UIForeground><UIGlow>F201F5</UIGlow>虚无收割<UIGlow>01</UIGlow><UIForeground>01</UIForeground>和90级学会的<UIForeground>F201F4</UIForeground><UIGlow>F201F5</UIGlow>团契<UIGlow>01</UIGlow><UIForeground>01</UIForeground>等技能。"
125,"学会<UIForeground>F201F4</UIForeground><UIGlow>F201F5</UIGlow>双掌打<UIGlow>01</UIGlow><UIForeground>01</UIForeground>技能后，画面上会出现专用的<UIForeground>F201F4</UIForeground><UIGlow>F201F5</UIGlow>象形拳量谱<UIGlow>01</UIGlow><UIForeground>01</UIForeground>，以显示<UIForeground>F201F4</UIForeground><UIGlow>F201F5</UIGlow>功力<UIGlow>01</UIGlow><UIForeground>01</UIForeground>的积蓄状态。
发动<UIForeground>F201F4</UIForeground><UIGlow>F201F5</UIGlow>双掌打<UIGlow>01</UIGlow><UIForeground>01</UIForeground>和30级学会的<UIForeground>F201F4</UIForeground><UIGlow>F201F5</UIGlow>破碎拳<UIGlow>01</UIGlow><UIForeground>01</UIForeground>以及50级学会的<UIForeground>F201F4</UIForeground><UIGlow>F201F5</UIGlow>双龙脚<UIGlow>01</UIGlow><UIForeground>01</UIForeground>时可以获得功力。
功力共有三种，分别为<UIForeground>F201F4</UIForeground><UIGlow>F201F5</UIGlow>魔猿功力<UIGlow>01</UIGlow><UIForeground>01</UIForeground>、<UIForeground>F201F4</UIForeground><UIGlow>F201F5</UIGlow>盗龙功力<UIGlow>01</UIGlow><UIForeground>01</UIForeground>以及<UIForeground>F201F4</UIForeground><UIGlow>F201F5</UIGlow>猛豹功力<UIGlow>01</UIGlow><UIForeground>01</UIForeground>，每种功力可提升特定战技的威力。"
126,"学会<UIForeground>F201F4</UIForeground><UIGlow>F201F5</UIGlow>红莲龙血<UIGlow>01</UIGlow><UIForeground>01</UIForeground>特性后，<UIForeground>F201F4</UIForeground><UIGlow>F201F5</UIGlow>龙血量谱<UIGlow>01</UIGlow><UIForeground>01</UIForeground>上会显示<UIForeground>F201F4</UIForeground><UIGlow>F201F5</UIGlow>红莲龙血<UIGlow>01</UIGlow><UIForeground>01</UIForeground>的剩余持续时间。
发动<UIForeground>F201F4</UIForeground><UIGlow>F201F5</UIGlow>武神枪<UIGlow>01</UIGlow><UIForeground>01</UIForeground>会进入<UIForeground>F201F4</UIForeground><UIGlow>F201F5</UIGlow>红莲龙血<UIGlow>01</UIGlow><UIForeground>01</UIForeground>状态，该状态下攻击所造成的伤害提高，同时可以发动<UIForeground>F201F4</UIForeground><UIGlow>F201F5</UIGlow>死者之岸<UIGlow>01</UIGlow><UIForeground>01</UIForeground>和80级学会的<UIForeground>F201F4</UIForeground><UIGlow>F201F5</UIGlow>坠星冲<UIGlow>01</UIGlow><UIForeground>01</UIForeground>等强大的技能。"
127,"学会<UIForeground>F201F4</UIForeground><UIGlow>F201F5</UIGlow>长枪精通III<UIGlow>01</UIGlow><UIForeground>01</UIForeground>特性后，在每次发动<UIForeground>F201F4</UIForeground><UIGlow>F201F5</UIGlow>龙眼雷电<UIGlow>01</UIGlow><UIForeground>01</UIForeground>以及<UIForeground>F201F4</UIForeground><UIGlow>F201F5</UIGlow>龙眼苍穹<UIGlow>01</UIGlow><UIForeground>01</UIForeground>时都会赋予一档<UIForeground>F201F4</UIForeground><UIGlow>F201F5</UIGlow>天龙眼<UIGlow>01</UIGlow><UIForeground>01</UIForeground>。
当天龙眼积攒到最大档数时，可以发动<UIForeground>F201F4</UIForeground><UIGlow>F201F5</UIGlow>天龙点睛<UIGlow>01</UIGlow><UIForeground>01</UIForeground>技能。"
128,"学会<UIForeground>F201F4</UIForeground><UIGlow>F201F5</UIGlow>通晓效果提高II<UIGlow>01</UIGlow><UIForeground>01</UIForeground>特性后，通晓状态的最大档数达到了三挡。
<UIForeground>F201F4</UIForeground><UIGlow>F201F5</UIGlow>天语<UIGlow>01</UIGlow><UIForeground>01</UIForeground>特性发动后，每经过30秒可以附加一次<UIForeground>F201F4</UIForeground><UIGlow>F201F5</UIGlow>通晓<UIGlow>01</UIGlow><UIForeground>01</UIForeground>状态，随之点亮量谱下方的水晶，可以发动<UIForeground>F201F4</UIForeground><UIGlow>F201F5</UIGlow>秽浊<UIGlow>01</UIGlow><UIForeground>01</UIForeground>或<UIForeground>F201F4</UIForeground><UIGlow>F201F5</UIGlow>异言<UIGlow>01</UIGlow><UIForeground>01</UIForeground>。元素量谱右下侧的计时指针代表着发动天语后经过的时间，指针每次从头走到尾需要30秒。"
129,"学会<UIForeground>F201F4</UIForeground><UIGlow>F201F5</UIGlow>星极火效果提高<UIGlow>01</UIGlow><UIForeground>01</UIForeground>特性后，画面上会出现专用的<UIForeground>F201F4</UIForeground><UIGlow>F201F5</UIGlow>星极量谱<UIGlow>01</UIGlow><UIForeground>01</UIForeground>，以显示当前<UIForeground>F201F4</UIForeground><UIGlow>F201F5</UIGlow>星极魂<UIGlow>01</UIGlow><UIForeground>01</UIForeground>的具体量值。
星极火状态中发动<UIForeground>F201F4</UIForeground><UIGlow>F201F5</UIGlow>炽炎<UIGlow>01</UIGlow><UIForeground>01</UIForeground>或<UIForeground>F201F4</UIForeground><UIGlow>F201F5</UIGlow>核爆<UIGlow>01</UIGlow><UIForeground>01</UIForeground>会附加星极魂，自身星极魂最大档数时，可以发动强大的技能<UIForeground>F201F4</UIForeground><UIGlow>F201F5</UIGlow>耀星<UIGlow>01</UIGlow><UIForeground>01</UIForeground>。"
130,"星极量谱"
131,"学会<UIForeground>F201F4</UIForeground><UIGlow>F201F5</UIGlow>龙神召唤效果提高II<UIGlow>01</UIGlow><UIForeground>01</UIForeground>特性后，发动<UIForeground>F201F4</UIForeground><UIGlow>F201F5</UIGlow>烈日龙神召唤<UIGlow>01</UIGlow><UIForeground>01</UIForeground>技能便能召唤出<UIForeground>F201F4</UIForeground><UIGlow>F201F5</UIGlow>烈日巴哈姆特<UIGlow>01</UIGlow><UIForeground>01</UIForeground>。
在召唤烈日巴哈姆特后，<UIForeground>F201F4</UIForeground><UIGlow>F201F5</UIGlow>同调量谱<UIGlow>01</UIGlow><UIForeground>01</UIForeground>上会显示烈日巴哈姆特的剩余显现时间。
发动<UIForeground>F201F4</UIForeground><UIGlow>F201F5</UIGlow>烈日龙神召唤<UIGlow>01</UIGlow><UIForeground>01</UIForeground>技能，将会在<UIForeground>F201F4</UIForeground><UIGlow>F201F5</UIGlow>同调量谱<UIGlow>01</UIGlow><UIForeground>01</UIForeground>上附加<UIForeground>F201F4</UIForeground><UIGlow>F201F5</UIGlow>红宝石的奥秘<UIGlow>01</UIGlow><UIForeground>01</UIForeground>、
<UIForeground>F201F4</UIForeground><UIGlow>F201F5</UIGlow>黄宝石的奥秘<UIGlow>01</UIGlow><UIForeground>01</UIForeground>、<UIForeground>F201F4</UIForeground><UIGlow>F201F5</UIGlow>绿宝石的奥秘<UIGlow>01</UIGlow><UIForeground>01</UIForeground>三种宝石。
此外烈日龙神召唤状态中，技能毁荡将变化为<UIForeground>F201F4</UIForeground><UIGlow>F201F5</UIGlow>灵极脉冲<UIGlow>01</UIGlow><UIForeground>01</UIForeground>，技能三重灾祸将变化成<UIForeground>F201F4</UIForeground><UIGlow>F201F5</UIGlow>灵极核爆<UIGlow>01</UIGlow><UIForeground>01</UIForeground>，技能星极超流将变化成<UIForeground>F201F4</UIForeground><UIGlow>F201F5</UIGlow>烈日核爆<UIGlow>01</UIGlow><UIForeground>01</UIForeground>。"
132,"召唤出召唤兽后，将根据不同的召唤兽对自身附加不同的<UIForeground>F201F4</UIForeground><UIGlow>F201F5</UIGlow>以太<UIGlow>01</UIGlow><UIForeground>01</UIForeground>
同调量谱上会显示目前的以太档数以及剩余时间。
技能<UIForeground>F201F4</UIForeground><UIGlow>F201F5</UIGlow>宝石耀<UIGlow>01</UIGlow><UIForeground>01</UIForeground>和<UIForeground>F201F4</UIForeground><UIGlow>F201F5</UIGlow>宝石辉<UIGlow>01</UIGlow><UIForeground>01</UIForeground>的效果会根据附加以太的不同而发生变化。
86级学会<UIForeground>F201F4</UIForeground><UIGlow>F201F5</UIGlow>元素精通<UIGlow>01</UIGlow><UIForeground>01</UIForeground>特性后，<UIForeground>F201F4</UIForeground><UIGlow>F201F5</UIGlow>星极超流<UIGlow>01</UIGlow><UIForeground>01</UIForeground>会根据附加以太的不同而发生变化。"
133,"蝰蛇量谱"
134,"灵力量谱"
135,"<UIForeground>F201F4</UIForeground><UIGlow>F201F5</UIGlow>蝰蛇量谱<UIGlow>01</UIGlow><UIForeground>01</UIForeground>可以显示当前技能的连击情况。
蝰蛇剑士需要选择发动<UIForeground>F201F4</UIForeground><UIGlow>F201F5</UIGlow>咬噬尖齿<UIGlow>01</UIGlow><UIForeground>01</UIForeground>或<UIForeground>F201F4</UIForeground><UIGlow>F201F5</UIGlow>穿裂尖齿<UIGlow>01</UIGlow><UIForeground>01</UIForeground>，让<UIForeground>F201F4</UIForeground><UIGlow>F201F5</UIGlow>尖齿<UIGlow>01</UIGlow><UIForeground>01</UIForeground>、<UIForeground>F201F4</UIForeground><UIGlow>F201F5</UIGlow>利齿<UIGlow>01</UIGlow><UIForeground>01</UIForeground>、<UIForeground>F201F4</UIForeground><UIGlow>F201F5</UIGlow>獠齿<UIGlow>01</UIGlow><UIForeground>01</UIForeground>形成连击进行战斗。

獠齿系有多个技能，无论发动哪个獠齿系技能，都可以获得对应的獠齿系技能伤害提升状态。
想要发动伤害提升后的獠齿系技能，需要按照特定顺序完成连击。

蝰蛇量谱的<UIForeground>F201F4</UIForeground><UIGlow>F201F5</UIGlow>刀身<UIGlow>01</UIGlow><UIForeground>01</UIForeground>会根据热键栏中技能连击的顺序进行发光。
举例说明：咬噬尖齿被高亮显示时，左侧刀身将发光。
穿裂尖齿被高亮显示时，右侧刀身将发光。
此外，<UIForeground>F201F4</UIForeground><UIGlow>F201F5</UIGlow>刀身发光的颜色<UIGlow>01</UIGlow><UIForeground>01</UIForeground>与<UIForeground>F201F4</UIForeground><UIGlow>F201F5</UIGlow>刀身内部的量谱<UIGlow>01</UIGlow><UIForeground>01</UIForeground>会提示当前技能的连击情况。

根据刀身的光亮发动技能，便可以完成特定连击，发动伤害提升后的獠齿系技能。"
136,"学会<UIForeground>F201F4</UIForeground><UIGlow>F201F5</UIGlow>飞蛇之魂<UIGlow>01</UIGlow><UIForeground>01</UIForeground>特性后，蝰蛇量谱会显示<UIForeground>F201F4</UIForeground><UIGlow>F201F5</UIGlow>飞蛇之魂<UIGlow>01</UIGlow><UIForeground>01</UIForeground>的积累状态。
飞蛇之魂可以通过发动特定的技能进行积累，最多可以积累到二档，通过消耗积累的飞蛇之魂可以发动<UIForeground>F201F4</UIForeground><UIGlow>F201F5</UIGlow>飞蛇之尾<UIGlow>01</UIGlow><UIForeground>01</UIForeground>。"
137,"学会<UIForeground>F201F4</UIForeground><UIGlow>F201F5</UIGlow>飞蛇之魂效果提高<UIGlow>01</UIGlow><UIForeground>01</UIForeground>特性后，<UIForeground>F201F4</UIForeground><UIGlow>F201F5</UIGlow>飞蛇之魂<UIGlow>01</UIGlow><UIForeground>01</UIForeground>的最大档数将变成三档。
飞蛇之魂可以通过发动特定的技能进行积累，通过消耗积累的飞蛇之魂可以发动<UIForeground>F201F4</UIForeground><UIGlow>F201F5</UIGlow>飞蛇之尾<UIGlow>01</UIGlow><UIForeground>01</UIForeground>。"
138,"学会<UIForeground>F201F4</UIForeground><UIGlow>F201F5</UIGlow>祖灵之魂<UIGlow>01</UIGlow><UIForeground>01</UIForeground>特性后，画面上会出现专用的<UIForeground>F201F4</UIForeground><UIGlow>F201F5</UIGlow>灵力量谱<UIGlow>01</UIGlow><UIForeground>01</UIForeground>。
发动特定战技完成连击可以获得灵力值，通过消耗积累的灵力值可以发动<UIForeground>F201F4</UIForeground><UIGlow>F201F5</UIGlow>祖灵降临<UIGlow>01</UIGlow><UIForeground>01</UIForeground>。
祖灵降临状态中会为自身附加<UIForeground>F201F4</UIForeground><UIGlow>F201F5</UIGlow>祖灵力<UIGlow>01</UIGlow><UIForeground>01</UIForeground>，通过消耗祖灵力可以发动祖灵降临状态中专用的战技。"
139,"学会<UIForeground>F201F4</UIForeground><UIGlow>F201F5</UIGlow>祖灵之魂效果提高<UIGlow>01</UIGlow><UIForeground>01</UIForeground>特性后，灵力量谱中<UIForeground>F201F4</UIForeground><UIGlow>F201F5</UIGlow>祖灵力<UIGlow>01</UIGlow><UIForeground>01</UIForeground>的最大档数将变成五档。
发动特定战技完成连击可以获得灵力值，通过消耗积累的灵力值可以发动<UIForeground>F201F4</UIForeground><UIGlow>F201F5</UIGlow>祖灵降临<UIGlow>01</UIGlow><UIForeground>01</UIForeground>。
祖灵降临状态中会为自身附加<UIForeground>F201F4</UIForeground><UIGlow>F201F5</UIGlow>祖灵力<UIGlow>01</UIGlow><UIForeground>01</UIForeground>，通过消耗祖灵力可以发动祖灵降临状态中专用的战技。"
140,"画布量谱"
141,"调色量谱"
142,"<UIForeground>F201F4</UIForeground><UIGlow>F201F5</UIGlow>动物画布<UIGlow>01</UIGlow><UIForeground>01</UIForeground>可以显示能变为实体的动物彩绘状况。
绘灵法师会在画布上绘画彩绘，并将彩绘变为实体发动各种效果进行战斗。

发动<UIForeground>F201F4</UIForeground><UIGlow>F201F5</UIGlow>动物彩绘<UIGlow>01</UIGlow><UIForeground>01</UIForeground>后，彩绘会画在动物画布上，
通过<UIForeground>F201F4</UIForeground><UIGlow>F201F5</UIGlow>动物构想<UIGlow>01</UIGlow><UIForeground>01</UIForeground>可以使彩绘变为实体，发动各种效果，同时自身也会获得<UIForeground>F201F4</UIForeground><UIGlow>F201F5</UIGlow>动物标识<UIGlow>01</UIGlow><UIForeground>01</UIForeground>。
集齐<UIForeground>F201F4</UIForeground><UIGlow>F201F5</UIGlow>绒球<UIGlow>01</UIGlow><UIForeground>01</UIForeground>和<UIForeground>F201F4</UIForeground><UIGlow>F201F5</UIGlow>翅膀<UIGlow>01</UIGlow><UIForeground>01</UIForeground>标识后，可以获得<UIForeground>F201F4</UIForeground><UIGlow>F201F5</UIGlow>莫古力<UIGlow>01</UIGlow><UIForeground>01</UIForeground>标识。
通过消耗莫古力标识可以发动强大的技能<UIForeground>F201F4</UIForeground><UIGlow>F201F5</UIGlow>莫古力激流<UIGlow>01</UIGlow><UIForeground>01</UIForeground>。"
143,"<UIForeground>F201F4</UIForeground><UIGlow>F201F5</UIGlow>武器画布<UIGlow>01</UIGlow><UIForeground>01</UIForeground>可以显示能变为实体的武器彩绘状况。
发动<UIForeground>F201F4</UIForeground><UIGlow>F201F5</UIGlow>武器彩绘<UIGlow>01</UIGlow><UIForeground>01</UIForeground>后，彩绘会画在武器画布上，
武器构想会变为<UIForeground>F201F4</UIForeground><UIGlow>F201F5</UIGlow>重锤构想<UIGlow>01</UIGlow><UIForeground>01</UIForeground>。
发动重锤构想后，便可用绘画出的重锤发动<UIForeground>F201F4</UIForeground><UIGlow>F201F5</UIGlow>重锤敲章<UIGlow>01</UIGlow><UIForeground>01</UIForeground>。"
144,"<UIForeground>F201F4</UIForeground><UIGlow>F201F5</UIGlow>调色量谱<UIGlow>01</UIGlow><UIForeground>01</UIForeground>可以显示<UIForeground>F201F4</UIForeground><UIGlow>F201F5</UIGlow>调色值<UIGlow>01</UIGlow><UIForeground>01</UIForeground>的具体量值。
发动特定调色魔法可以获得调色值，通过消耗积累的调色值可以发动<UIForeground>F201F4</UIForeground><UIGlow>F201F5</UIGlow>减色混合<UIGlow>01</UIGlow><UIForeground>01</UIForeground>。
减色混合状态中调色魔法的性质会发生改变，从而可以发动更加强大的调色魔法。"
145,"<UIForeground>F201F4</UIForeground><UIGlow>F201F5</UIGlow>风景画布<UIGlow>01</UIGlow><UIForeground>01</UIForeground>可以显示能变为实体的风景彩绘状况。
发动<UIForeground>F201F4</UIForeground><UIGlow>F201F5</UIGlow>风景彩绘<UIGlow>01</UIGlow><UIForeground>01</UIForeground>后，彩绘会画在风景画布上，
风景构想会变为<UIForeground>F201F4</UIForeground><UIGlow>F201F5</UIGlow>星空构想<UIGlow>01</UIGlow><UIForeground>01</UIForeground>。
发动星空构想后，可以提高自身及队员所造成的伤害。"
146,"画布量谱可以显示能变为实体的彩绘状况。
绘灵法师会在画布上绘画彩绘，并将彩绘变为实体发动各种效果进行战斗。
画布共有三种，分别为<UIForeground>F201F4</UIForeground><UIGlow>F201F5</UIGlow>动物画布<UIGlow>01</UIGlow><UIForeground>01</UIForeground>、<UIForeground>F201F4</UIForeground><UIGlow>F201F5</UIGlow>武器画布<UIGlow>01</UIGlow><UIForeground>01</UIForeground>、<UIForeground>F201F4</UIForeground><UIGlow>F201F5</UIGlow>风景画布<UIGlow>01</UIGlow><UIForeground>01</UIForeground>。"
147,"动物画布可以显示能变为实体的动物彩绘状况。

发动<UIForeground>F201F4</UIForeground><UIGlow>F201F5</UIGlow>动物彩绘<UIGlow>01</UIGlow><UIForeground>01</UIForeground>后，彩绘会画在动物画布上，
通过<UIForeground>F201F4</UIForeground><UIGlow>F201F5</UIGlow>动物构想<UIGlow>01</UIGlow><UIForeground>01</UIForeground>可以使彩绘变为实体，发动各种效果，同时自身也会获得<UIForeground>F201F4</UIForeground><UIGlow>F201F5</UIGlow>动物标识<UIGlow>01</UIGlow><UIForeground>01</UIForeground>。
集齐<UIForeground>F201F4</UIForeground><UIGlow>F201F5</UIGlow>绒球<UIGlow>01</UIGlow><UIForeground>01</UIForeground>和<UIForeground>F201F4</UIForeground><UIGlow>F201F5</UIGlow>翅膀<UIGlow>01</UIGlow><UIForeground>01</UIForeground>标识后，可以获得<UIForeground>F201F4</UIForeground><UIGlow>F201F5</UIGlow>莫古力<UIGlow>01</UIGlow><UIForeground>01</UIForeground>标识。
通过消耗莫古力标识可以发动强大的技能<UIForeground>F201F4</UIForeground><UIGlow>F201F5</UIGlow>莫古力激流<UIGlow>01</UIGlow><UIForeground>01</UIForeground>。"
148,"武器画布和风景画布可以分别显示<UIForeground>F201F4</UIForeground><UIGlow>F201F5</UIGlow>武器彩绘<UIGlow>01</UIGlow><UIForeground>01</UIForeground>和<UIForeground>F201F4</UIForeground><UIGlow>F201F5</UIGlow>风景彩绘<UIGlow>01</UIGlow><UIForeground>01</UIForeground>变为实体的情况。

发动<UIForeground>F201F4</UIForeground><UIGlow>F201F5</UIGlow>武器彩绘<UIGlow>01</UIGlow><UIForeground>01</UIForeground>后，彩绘会画在武器画布上，
武器构想会变为<UIForeground>F201F4</UIForeground><UIGlow>F201F5</UIGlow>重锤构想<UIGlow>01</UIGlow><UIForeground>01</UIForeground>。
发动<UIForeground>F201F4</UIForeground><UIGlow>F201F5</UIGlow>重锤构想<UIGlow>01</UIGlow><UIForeground>01</UIForeground>后，便可用绘画出的重锤发动<UIForeground>F201F4</UIForeground><UIGlow>F201F5</UIGlow>重锤敲章<UIGlow>01</UIGlow><UIForeground>01</UIForeground>。

发动<UIForeground>F201F4</UIForeground><UIGlow>F201F5</UIGlow>风景彩绘<UIGlow>01</UIGlow><UIForeground>01</UIForeground>后，彩绘会画在风景画布上，
风景构想会变为<UIForeground>F201F4</UIForeground><UIGlow>F201F5</UIGlow>星空构想<UIGlow>01</UIGlow><UIForeground>01</UIForeground>。
发动<UIForeground>F201F4</UIForeground><UIGlow>F201F5</UIGlow>星空构想<UIGlow>01</UIGlow><UIForeground>01</UIForeground>后，可以提高自身及队员所造成的伤害。"
149,"<UIForeground>F201F4</UIForeground><UIGlow>F201F5</UIGlow>调色量谱<UIGlow>01</UIGlow><UIForeground>01</UIForeground>可以显示<UIForeground>F201F4</UIForeground><UIGlow>F201F5</UIGlow>调色值<UIGlow>01</UIGlow><UIForeground>01</UIForeground>和<UIForeground>F201F4</UIForeground><UIGlow>F201F5</UIGlow>白色颜料<UIGlow>01</UIGlow><UIForeground>01</UIForeground>的具体量值。
发动特定调色魔法可以获得调色值和白色颜料，
通过消耗积累的调色值可以发动<UIForeground>F201F4</UIForeground><UIGlow>F201F5</UIGlow>减色混合<UIGlow>01</UIGlow><UIForeground>01</UIForeground>。
减色混合状态中调色魔法的性质会发生改变，从而可以发动更加强大的调色魔法。
此外，通过消耗白色颜料可以发动<UIForeground>F201F4</UIForeground><UIGlow>F201F5</UIGlow>神圣之白<UIGlow>01</UIGlow><UIForeground>01</UIForeground>。"
150,"学会<UIForeground>F201F4</UIForeground><UIGlow>F201F5</UIGlow>调色板效果提高<UIGlow>01</UIGlow><UIForeground>01</UIForeground>特性后，调色量谱会显示<UIForeground>F201F4</UIForeground><UIGlow>F201F5</UIGlow>黑色颜料<UIGlow>01</UIGlow><UIForeground>01</UIForeground>的积累状态。
发动减色混合后，会为自身附加<UIForeground>F201F4</UIForeground><UIGlow>F201F5</UIGlow>色调反转<UIGlow>01</UIGlow><UIForeground>01</UIForeground>状态，此时1档白色颜料变为黑色颜料。
通过消耗黑色颜料可以发动<UIForeground>F201F4</UIForeground><UIGlow>F201F5</UIGlow>彗星之黑<UIGlow>01</UIGlow><UIForeground>01</UIForeground>。"
151,"学会<UIForeground>F201F4</UIForeground><UIGlow>F201F5</UIGlow>兽爪彩绘<UIGlow>01</UIGlow><UIForeground>01</UIForeground>和<UIForeground>F201F4</UIForeground><UIGlow>F201F5</UIGlow>尖牙彩绘<UIGlow>01</UIGlow><UIForeground>01</UIForeground>技能后，动物画布上会显示<UIForeground>F201F4</UIForeground><UIGlow>F201F5</UIGlow>马蒂恩<UIGlow>01</UIGlow><UIForeground>01</UIForeground>的标识。
按照顺序发动<UIForeground>F201F4</UIForeground><UIGlow>F201F5</UIGlow>动物彩绘<UIGlow>01</UIGlow><UIForeground>01</UIForeground>和<UIForeground>F201F4</UIForeground><UIGlow>F201F5</UIGlow>动物构想<UIGlow>01</UIGlow><UIForeground>01</UIForeground>后，
可以获得<UIForeground>F201F4</UIForeground><UIGlow>F201F5</UIGlow>绒球彩绘<UIGlow>01</UIGlow><UIForeground>01</UIForeground>、<UIForeground>F201F4</UIForeground><UIGlow>F201F5</UIGlow>翅膀彩绘<UIGlow>01</UIGlow><UIForeground>01</UIForeground>、<UIForeground>F201F4</UIForeground><UIGlow>F201F5</UIGlow>兽爪彩绘<UIGlow>01</UIGlow><UIForeground>01</UIForeground>、<UIForeground>F201F4</UIForeground><UIGlow>F201F5</UIGlow>尖牙彩绘<UIGlow>01</UIGlow><UIForeground>01</UIForeground>的四种标识，
集齐上述标识后，可以获得<UIForeground>F201F4</UIForeground><UIGlow>F201F5</UIGlow>马蒂恩<UIGlow>01</UIGlow><UIForeground>01</UIForeground>标识，
通过消耗马蒂恩标识可以发动强大的技能<UIForeground>F201F4</UIForeground><UIGlow>F201F5</UIGlow>马蒂恩惩罚<UIGlow>01</UIGlow><UIForeground>01</UIForeground>。"
152,"学会<UIForeground>F201F4</UIForeground><UIGlow>F201F5</UIGlow>虚无魂<UIGlow>01</UIGlow><UIForeground>01</UIForeground>特性后，每消耗夜游魂时都会赋予<UIForeground>F201F4</UIForeground><UIGlow>F201F5</UIGlow>虚无魂<UIGlow>01</UIGlow><UIForeground>01</UIForeground>。
通过消耗虚无魂，可以发动<UIForeground>F201F4</UIForeground><UIGlow>F201F5</UIGlow>夜游魂切割<UIGlow>01</UIGlow><UIForeground>01</UIForeground>和<UIForeground>F201F4</UIForeground><UIGlow>F201F5</UIGlow>夜游魂钐割<UIGlow>01</UIGlow><UIForeground>01</UIForeground>等技能。"
153,"<UIForeground>F201F4</UIForeground><UIGlow>F201F5</UIGlow>夜游魂量谱<UIGlow>01</UIGlow><UIForeground>01</UIForeground>上会显示出夜游魂状态的持续时间以及夜游魂的量值。
通过消耗夜游魂，可以发动<UIForeground>F201F4</UIForeground><UIGlow>F201F5</UIGlow>虚无收割<UIGlow>01</UIGlow><UIForeground>01</UIForeground>和90级学会的<UIForeground>F201F4</UIForeground><UIGlow>F201F5</UIGlow>团契<UIGlow>01</UIGlow><UIForeground>01</UIForeground>等技能。"
154,""
155,""
156,""
157,"发动<UIForeground>F201F4</UIForeground><UIGlow>F201F5</UIGlow>血壤<UIGlow>01</UIGlow><UIForeground>01</UIForeground>技能后，会为自身附加<UIForeground>F201F4</UIForeground><UIGlow>F201F5</UIGlow>血壤<UIGlow>01</UIGlow><UIForeground>01</UIForeground>状态。血壤状态中的<UIForeground>F201F4</UIForeground><UIGlow>F201F5</UIGlow>晶壤<UIGlow>01</UIGlow><UIForeground>01</UIForeground>可以积累到4档。
88级学会<UIForeground>F201F4</UIForeground><UIGlow>F201F5</UIGlow>晶壤装填效果提高<UIGlow>01</UIGlow><UIForeground>01</UIForeground>特性后，血壤状态中的<UIForeground>F201F4</UIForeground><UIGlow>F201F5</UIGlow>晶壤<UIGlow>01</UIGlow><UIForeground>01</UIForeground>可以积累到6档。"
158,"技力量谱"
159,"协作量谱"
160,"学会<UIForeground>F201F4</UIForeground><UIGlow>F201F5</UIGlow>兽心<UIGlow>01</UIGlow><UIForeground>01</UIForeground>特性后，画面上会出现驯兽师专用的<UIForeground>F201F4</UIForeground><UIGlow>F201F5</UIGlow>技力量谱<UIGlow>01</UIGlow><UIForeground>01</UIForeground>。
连击成功时，技力就会增加。技力超过100时便可以消耗全部技力，发动强力战技。
消耗技力越多，战技威力越大。
此类消耗技力的战技叫做<UIForeground>F201F4</UIForeground><UIGlow>F201F5</UIGlow>兽心技战技<UIGlow>01</UIGlow><UIForeground>01</UIForeground>。"
161,"画面上新增了能体现兽心技协作状态的<UIForeground>F201F4</UIForeground><UIGlow>F201F5</UIGlow>协作量谱<UIGlow>01</UIGlow><UIForeground>01</UIForeground>。
驯兽师和魔兽可以通过各自的兽心技进行协作战斗。

<UIForeground>F201F4</UIForeground><UIGlow>F201F5</UIGlow>兽心协作技<UIGlow>01</UIGlow><UIForeground>01</UIForeground>
兽心技共有<UIForeground>F201F4</UIForeground><UIGlow>F201F5</UIGlow>翔<UIGlow>01</UIGlow><UIForeground>01</UIForeground>、<UIForeground>F201F4</UIForeground><UIGlow>F201F5</UIGlow>猛<UIGlow>01</UIGlow><UIForeground>01</UIForeground>、<UIForeground>F201F4</UIForeground><UIGlow>F201F5</UIGlow>坚<UIGlow>01</UIGlow><UIForeground>01</UIForeground>、<UIForeground>F201F4</UIForeground><UIGlow>F201F5</UIGlow>魔<UIGlow>01</UIGlow><UIForeground>01</UIForeground>4种属性。每次发动兽心技战技时，驯兽师就会点亮协作量谱上的对应属性。
驯兽师或魔兽任意一方发动兽心技战技后，只要另一方在7秒内也发动，即可触发名为<UIForeground>F201F4</UIForeground><UIGlow>F201F5</UIGlow>兽心协作技<UIGlow>01</UIGlow><UIForeground>01</UIForeground>的追击伤害。
协作量谱下方显示的数字是协作次数，协作次数越多，兽心协作技的威力越高。
"
162,"<UIForeground>F201F4</UIForeground><UIGlow>F201F5</UIGlow>兽心协作技二式·生息/死灭<UIGlow>01</UIGlow><UIForeground>01</UIForeground>
参考“翔→猛”“猛→坚”“坚→魔”“魔→翔”，将协作量谱上的属性以顺时针顺序触发兽心协作技后，就可以发动更加强大的<UIForeground>F201F4</UIForeground><UIGlow>F201F5</UIGlow>兽心协作技二式<UIGlow>01</UIGlow><UIForeground>01</UIForeground>。
触发兽心协作技二式后，驯兽师将被附加<UIForeground>F201F4</UIForeground><UIGlow>F201F5</UIGlow>生息<UIGlow>01</UIGlow><UIForeground>01</UIForeground>或<UIForeground>F201F4</UIForeground><UIGlow>F201F5</UIGlow>死灭<UIGlow>01</UIGlow><UIForeground>01</UIForeground>的兽心技属性，协作量谱的中心也将点亮。

灵活运用驯兽师与魔兽的兽心技，提高战斗收益吧！"
163,"学会<UIForeground>F201F4</UIForeground><UIGlow>F201F5</UIGlow>兽心II<UIGlow>01</UIGlow><UIForeground>01</UIForeground>特性后，画面上会显示<UIForeground>F201F4</UIForeground><UIGlow>F201F5</UIGlow>魔兽技力量谱<UIGlow>01</UIGlow><UIForeground>01</UIForeground>。
<UIForeground>F201F4</UIForeground><UIGlow>F201F5</UIGlow>魔兽进行自动攻击<UIGlow>01</UIGlow><UIForeground>01</UIForeground>或发动技能<UIForeground>F201F4</UIForeground><UIGlow>F201F5</UIGlow>最后一击<UIGlow>01</UIGlow><UIForeground>01</UIForeground>时，魔兽的技力会增加。
如果在技力超过100时发动<UIForeground>F201F4</UIForeground><UIGlow>F201F5</UIGlow>大招<UIGlow>01</UIGlow><UIForeground>01</UIForeground>，即可消耗魔兽的技力发动兽心技战技。"
164,"学会<UIForeground>F201F4</UIForeground><UIGlow>F201F5</UIGlow>兽心III<UIGlow>01</UIGlow><UIForeground>01</UIForeground>特性后，画面上会显示<UIForeground>F201F4</UIForeground><UIGlow>F201F5</UIGlow>御兽之心<UIGlow>01</UIGlow><UIForeground>01</UIForeground>的情况。
驯兽师成功通过兽心技战技发动兽心协作技后，便可获得一档御兽之心。
发动技能<UIForeground>F201F4</UIForeground><UIGlow>F201F5</UIGlow>鼓劲<UIGlow>01</UIGlow><UIForeground>01</UIForeground>，即可消耗全部御兽之心，提升驯兽师的技力。
消耗的御兽之心档数越高，技力提升量越高。"
165,"学会<UIForeground>F201F4</UIForeground><UIGlow>F201F5</UIGlow>兽心IV<UIGlow>01</UIGlow><UIForeground>01</UIForeground>特性后，画面上会显示<UIForeground>F201F4</UIForeground><UIGlow>F201F5</UIGlow>兽灵之心<UIGlow>01</UIGlow><UIForeground>01</UIForeground>的情况。
魔兽成功通过兽心技战技发动兽心协作技后，便可获得一档兽灵之心。
发动技能<UIForeground>F201F4</UIForeground><UIGlow>F201F5</UIGlow>声援<UIGlow>01</UIGlow><UIForeground>01</UIForeground>，即可消耗全部兽灵之心，提升魔兽的技力。
消耗的兽灵之心档数越高，技力提升量越高。"
166,"技力量谱/兽心"
167,""
168,""
169,""
170,""
171,""
172,""
173,""
174,""
175,""
176,""
177,""
178,""
179,""
180,""
